    0.00    6371.0      0.00
    0.00    6370.1      0.18
    0.01    6369.1      0.36
    0.02    6367.3      0.72
    0.03    6363.5      1.45
    0.07    6356.0      2.90
    0.07    6354.9      3.10
    0.08    6353.7      3.30
    0.09    6351.4      3.69
    0.12    6346.9      4.48
    0.12    6346.6      4.53
    0.14    6344.6      4.84
    0.15    6342.7      5.15
    0.18    6338.8      5.78
    0.21    6334.9      6.40
    0.24    6331.0      7.02
    0.27    6326.0      7.82
    0.31    6321.0      8.62
    0.35    6316.0      9.42
    0.39    6311.0     10.22
    0.46    6301.0     11.83
    0.54    6291.0     13.43
    0.64    6277.5     15.60
    0.74    6264.0     17.77
    0.75    6263.3     17.90
    0.80    6256.0     19.07
    0.87    6247.2     20.48
    0.94    6238.5     21.90
    1.07    6221.0     24.73
    1.20    6203.5     27.58
    1.34    6186.0     30.42
    1.48    6168.5     33.28
    1.61    6151.0     36.14
    1.63    6148.8     36.50
    1.65    6146.5     36.86
    1.69    6142.1     37.58
    1.77    6133.1     39.03
    1.80    6130.6     39.43
    1.82    6128.2     39.83
    1.92    6117.1     41.62
    1.97    6111.6     42.52
    2.02    6106.0     43.43
    2.14    6093.3     45.50
    2.26    6080.5     47.59
    2.45    6061.0     50.77
    2.46    6060.1     50.92
    2.47    6059.2     51.07
    2.68    6037.7     54.60
    2.89    6016.0     58.18
    3.04    6001.4     60.59
    3.22    5984.5     63.41
    3.36    5971.0     65.65
    3.46    5962.3     67.12
    3.56    5953.5     68.61
    3.77    5935.6     71.66
    3.80    5932.7     72.15
    3.87    5926.9     73.16
    3.95    5921.0     74.17
    4.13    5906.2     76.74
    4.33    5891.1     79.38
    4.60    5871.0     82.95
    4.73    5861.7     84.62
    4.82    5855.1     85.83
    4.92    5848.3     87.05
    5.12    5834.8     89.55
    5.33    5821.0     92.13
    5.34    5820.4     92.24
    5.46    5812.3     93.77
    5.59    5804.2     95.33
    5.87    5787.7     98.53
    6.16    5771.0    101.87
    6.27    5764.6    103.17
    6.39    5758.2    104.48
    6.62    5745.3    107.13
    6.71    5740.7    108.10
    6.80    5736.0    109.07
    7.13    5718.5    112.75
    7.48    5701.0    116.53
    7.57    5697.6    117.43
    7.66    5694.2    118.34
    7.97    5683.3    121.35
    8.30    5672.2    124.50
    9.01    5650.0    131.29
    9.51    5636.5    135.96
   10.01    5623.1    140.63
   10.54    5611.5    145.41
   11.06    5600.0    150.20
   11.60    5590.6    154.99
   12.13    5581.1    159.78
   12.84    5571.6    166.01
   13.54    5562.1    172.24
   14.22    5556.1    178.17
   14.90    5550.0    184.10
   15.56    5547.0    189.83
   16.22    5544.0    195.57
   17.00    5543.0    202.30
   17.78    5544.0    209.02
   18.44    5547.0    214.76
   19.10    5550.0    220.50
   19.78    5556.1    226.43
   20.46    5562.1    232.36
   21.16    5571.6    238.59
   21.87    5581.1    244.82
   22.40    5590.6    249.61
   22.94    5600.0    254.40
   23.46    5611.5    259.18
   23.99    5623.1    263.96
   24.49    5636.5    268.63
   24.99    5650.0    273.30
   25.70    5672.2    280.10
   26.03    5683.3    283.24
   26.34    5694.2    286.25
   26.43    5697.6    287.16
   26.52    5701.0    288.07
   26.87    5718.5    291.84
   27.20    5736.0    295.52
   27.29    5740.7    296.50
   27.38    5745.3    297.46
   27.61    5758.2    300.11
   27.73    5764.6    301.42
   27.84    5771.0    302.72
   28.13    5787.7    306.06
   28.41    5804.2    309.27
   28.54    5812.3    310.82
   28.66    5820.4    312.35
   28.67    5821.0    312.47
   28.88    5834.8    315.04
   29.08    5848.3    317.54
   29.18    5855.1    318.76
   29.27    5861.7    319.97
   29.40    5871.0    321.64
   29.67    5891.1    325.22
   29.87    5906.2    327.86
   30.05    5921.0    330.43
   30.13    5926.9    331.44
   30.20    5932.7    332.44
   30.23    5935.6    332.93
   30.44    5953.5    335.98
   30.54    5962.3    337.47
   30.64    5971.0    338.94
   30.78    5984.5    341.19
   30.96    6001.4    344.01
   31.11    6016.0    346.42
   31.32    6037.7    349.99
   31.53    6059.2    353.52
   31.54    6060.1    353.67
   31.55    6061.0    353.82
   31.74    6080.5    357.00
   31.86    6093.3    359.09
   31.98    6106.0    361.16
   32.03    6111.6    362.07
   32.08    6117.1    362.97
   32.18    6128.2    364.76
   32.20    6130.6    365.16
   32.23    6133.1    365.56
   32.31    6142.1    367.01
   32.35    6146.5    367.74
   32.37    6148.8    368.10
   32.39    6151.0    368.46
   32.52    6168.5    371.32
   32.66    6186.0    374.17
   32.80    6203.5    377.02
   32.93    6221.0    379.86
   33.06    6238.5    382.69
   33.13    6247.2    384.11
   33.20    6256.0    385.53
   33.25    6263.3    386.70
   33.26    6264.0    386.82
   33.36    6277.5    388.99
   33.46    6291.0    391.16
   33.54    6301.0    392.77
   33.61    6311.0    394.37
   33.65    6316.0    395.17
   33.69    6321.0    395.97
   33.73    6326.0    396.77
   33.76    6331.0    397.57
   33.79    6334.9    398.19
   33.82    6338.8    398.82
   33.85    6342.7    399.44
   33.86    6344.6    399.75
   33.88    6346.6    400.06
   33.88    6346.9    400.11
   33.91    6351.4    400.90
   33.92    6353.7    401.30
   33.93    6354.9    401.50
   33.93    6356.0    401.69
   33.97    6363.5    403.14
   33.98    6367.3    403.87
   33.99    6369.1    404.23
   34.00    6370.1    404.41
   34.00    6371.0    404.59
