    0.00    6371.0      0.00
    0.00    6370.1      0.18
    0.01    6369.1      0.36
    0.02    6367.3      0.72
    0.03    6363.5      1.43
    0.06    6356.0      2.86
    0.07    6354.9      3.06
    0.08    6353.7      3.25
    0.09    6351.4      3.64
    0.11    6346.9      4.42
    0.11    6346.6      4.47
    0.13    6344.6      4.77
    0.14    6342.7      5.07
    0.17    6338.8      5.67
    0.19    6334.9      6.27
    0.22    6331.0      6.88
    0.25    6326.0      7.65
    0.29    6321.0      8.43
    0.32    6316.0      9.20
    0.36    6311.0      9.98
    0.43    6301.0     11.53
    0.50    6291.0     13.08
    0.59    6277.5     15.19
    0.68    6264.0     17.29
    0.69    6263.3     17.41
    0.74    6256.0     18.54
    0.80    6247.2     19.91
    0.86    6238.5     21.28
    0.99    6221.0     24.02
    1.11    6203.5     26.77
    1.23    6186.0     29.52
    1.36    6168.5     32.29
    1.49    6151.0     35.05
    1.50    6148.8     35.40
    1.52    6146.5     35.74
    1.56    6142.1     36.43
    1.63    6133.1     37.82
    1.65    6130.6     38.21
    1.67    6128.2     38.59
    1.76    6117.1     40.31
    1.81    6111.6     41.17
    1.86    6106.0     42.03
    1.96    6093.3     44.01
    2.07    6080.5     46.00
    2.24    6061.0     49.04
    2.25    6060.1     49.18
    2.26    6059.2     49.32
    2.45    6037.7     52.68
    2.64    6016.0     56.08
    2.78    6001.4     58.36
    2.94    5984.5     61.03
    3.06    5971.0     63.16
    3.15    5962.3     64.54
    3.24    5953.5     65.94
    3.43    5935.6     68.78
    3.46    5932.7     69.24
    3.52    5926.9     70.17
    3.58    5921.0     71.12
    3.75    5906.2     73.50
    3.92    5891.1     75.93
    4.16    5871.0     79.22
    4.27    5861.7     80.74
    4.35    5855.1     81.84
    4.43    5848.3     82.95
    4.60    5834.8     85.22
    4.78    5821.0     87.53
    4.79    5820.4     87.64
    4.90    5812.3     89.00
    5.01    5804.2     90.39
    5.24    5787.7     93.23
    5.48    5771.0     96.16
    5.58    5764.6     97.29
    5.67    5758.2     98.43
    5.87    5745.3    100.72
    5.94    5740.7    101.56
    6.01    5736.0    102.40
    6.28    5718.5    105.56
    6.56    5701.0    108.78
    6.63    5697.6    109.47
    6.70    5694.2    110.16
    6.92    5683.3    112.43
    7.14    5672.2    114.75
    7.62    5650.0    119.58
    8.25    5623.1    125.72
    8.83    5600.0    131.28
    9.34    5581.1    136.07
    9.88    5562.1    141.10
   10.24    5550.0    144.44
   10.43    5544.0    146.16
   10.62    5537.9    147.91
   11.25    5519.0    153.58
   11.59    5509.5    156.58
   11.94    5500.0    159.69
   12.84    5477.4    167.64
   13.36    5466.1    172.16
   13.89    5454.7    176.69
   14.24    5447.9    179.68
   14.81    5437.6    184.55
   14.88    5436.5    185.14
   14.95    5435.3    185.73
   15.09    5433.0    186.94
   15.39    5428.3    189.47
   15.71    5423.6    192.15
   16.05    5418.9    195.03
   16.42    5414.2    198.15
   16.84    5409.5    201.60
   17.35    5404.7    205.84
   17.86    5400.0    210.09
   18.74    5396.6    217.36
   19.62    5393.2    224.62
   20.50    5389.8    231.88
   21.38    5393.2    239.15
   22.26    5396.6    246.41
   23.14    5400.0    253.68
   23.65    5404.7    257.93
   24.17    5409.5    262.17
   24.58    5414.2    265.62
   24.95    5418.9    268.74
   25.29    5423.6    271.62
   25.61    5428.3    274.30
   25.91    5433.0    276.83
   26.05    5435.3    278.04
   26.12    5436.5    278.63
   26.19    5437.6    279.22
   26.76    5447.9    284.09
   27.11    5454.7    287.08
   27.64    5466.1    291.61
   28.16    5477.4    296.13
   29.06    5500.0    304.08
   29.41    5509.5    307.19
   29.75    5519.0    310.19
   30.38    5537.9    315.86
   30.57    5544.0    317.61
   30.76    5550.0    319.33
   31.12    5562.1    322.67
   31.66    5581.1    327.70
   32.17    5600.0    332.49
   32.75    5623.1    338.05
   33.38    5650.0    344.19
   33.86    5672.2    349.02
   34.08    5683.3    351.34
   34.30    5694.2    353.61
   34.37    5697.6    354.30
   34.44    5701.0    354.99
   34.72    5718.5    358.21
   34.99    5736.0    361.37
   35.06    5740.7    362.21
   35.13    5745.3    363.05
   35.33    5758.2    365.34
   35.42    5764.6    366.48
   35.52    5771.0    367.61
   35.76    5787.7    370.54
   35.99    5804.2    373.38
   36.10    5812.3    374.77
   36.21    5820.4    376.13
   36.22    5821.0    376.24
   36.40    5834.8    378.55
   36.57    5848.3    380.82
   36.65    5855.1    381.93
   36.73    5861.7    383.03
   36.85    5871.0    384.55
   37.08    5891.1    387.84
   37.25    5906.2    390.27
   37.42    5921.0    392.65
   37.48    5926.9    393.60
   37.54    5932.7    394.53
   37.57    5935.6    394.99
   37.76    5953.5    397.83
   37.85    5962.3    399.23
   37.94    5971.0    400.61
   38.06    5984.5    402.74
   38.22    6001.4    405.41
   38.36    6016.0    407.69
   38.55    6037.7    411.09
   38.74    6059.2    414.45
   38.75    6060.1    414.59
   38.76    6061.0    414.73
   38.93    6080.5    417.77
   39.04    6093.3    419.76
   39.14    6106.0    421.74
   39.19    6111.6    422.60
   39.24    6117.1    423.46
   39.33    6128.2    425.18
   39.35    6130.6    425.56
   39.37    6133.1    425.95
   39.44    6142.1    427.34
   39.48    6146.5    428.03
   39.50    6148.8    428.37
   39.51    6151.0    428.72
   39.64    6168.5    431.48
   39.77    6186.0    434.25
   39.89    6203.5    437.00
   40.01    6221.0    439.75
   40.14    6238.5    442.49
   40.20    6247.2    443.86
   40.26    6256.0    445.23
   40.31    6263.3    446.36
   40.32    6264.0    446.48
   40.41    6277.5    448.58
   40.50    6291.0    450.69
   40.57    6301.0    452.24
   40.64    6311.0    453.79
   40.68    6316.0    454.57
   40.71    6321.0    455.34
   40.75    6326.0    456.12
   40.78    6331.0    456.89
   40.81    6334.9    457.50
   40.83    6338.8    458.10
   40.86    6342.7    458.70
   40.87    6344.6    459.00
   40.89    6346.6    459.30
   40.89    6346.9    459.35
   40.91    6351.4    460.13
   40.92    6353.7    460.52
   40.93    6354.9    460.71
   40.94    6356.0    460.91
   40.97    6363.5    462.34
   40.98    6367.3    463.05
   40.99    6369.1    463.41
   41.00    6370.1    463.59
   41.00    6371.0    463.77
