    0.00    6371.0      0.00
    0.00    6370.1      0.17
    0.01    6369.1      0.34
    0.01    6367.3      0.68
    0.02    6363.5      1.36
    0.05    6356.0      2.73
    0.05    6354.9      2.91
    0.05    6353.7      3.09
    0.06    6351.4      3.45
    0.08    6346.9      4.17
    0.08    6346.6      4.21
    0.09    6344.6      4.48
    0.10    6342.7      4.75
    0.11    6338.8      5.29
    0.13    6334.9      5.83
    0.15    6331.0      6.36
    0.17    6326.0      7.05
    0.19    6321.0      7.74
    0.22    6316.0      8.43
    0.24    6311.0      9.12
    0.28    6301.0     10.50
    0.33    6291.0     11.88
    0.39    6277.5     13.75
    0.45    6264.0     15.62
    0.46    6263.3     15.72
    0.49    6256.0     16.73
    0.53    6247.2     17.95
    0.57    6238.5     19.16
    0.65    6221.0     21.60
    0.73    6203.5     24.04
    0.81    6186.0     26.48
    0.89    6168.5     28.93
    0.98    6151.0     31.38
    0.99    6148.8     31.67
    1.00    6146.5     31.97
    1.02    6142.1     32.57
    1.07    6133.1     33.76
    1.08    6130.6     34.09
    1.09    6128.2     34.42
    1.15    6117.1     35.89
    1.18    6111.6     36.63
    1.21    6106.0     37.37
    1.28    6093.3     39.06
    1.35    6080.5     40.75
    1.45    6061.0     43.33
    1.46    6060.1     43.45
    1.46    6059.2     43.57
    1.58    6037.7     46.41
    1.70    6016.0     49.27
    1.78    6001.4     51.18
    1.88    5984.5     53.41
    1.96    5971.0     55.18
    2.01    5962.3     56.31
    2.06    5953.5     57.44
    2.18    5935.6     59.74
    2.19    5932.7     60.10
    2.23    5926.9     60.85
    2.27    5921.0     61.60
    2.36    5906.2     63.48
    2.46    5891.1     65.39
    2.60    5871.0     67.94
    2.66    5861.7     69.11
    2.70    5855.1     69.95
    2.75    5848.3     70.79
    2.85    5834.8     72.50
    2.94    5821.0     74.22
    2.95    5820.4     74.30
    3.01    5812.3     75.30
    3.07    5804.2     76.32
    3.19    5787.7     78.37
    3.32    5771.0     80.45
    3.37    5764.6     81.25
    3.41    5758.2     82.05
    3.51    5745.3     83.65
    3.55    5740.7     84.23
    3.59    5736.0     84.81
    3.72    5718.5     86.98
    3.87    5701.0     89.17
    3.89    5697.6     89.59
    3.92    5694.2     90.00
    4.02    5683.3     91.35
    4.12    5672.2     92.71
    4.32    5650.0     95.45
    4.57    5623.1     98.78
    4.79    5600.0    101.64
    4.97    5581.1    103.99
    5.16    5562.1    106.35
    5.28    5550.0    107.86
    5.34    5544.0    108.62
    5.40    5537.9    109.39
    5.60    5519.0    111.76
    5.69    5509.5    112.95
    5.79    5500.0    114.15
    6.03    5477.4    117.00
    6.28    5454.7    119.89
    6.35    5447.9    120.75
    6.47    5437.6    122.06
    6.48    5436.5    122.21
    6.49    5435.3    122.36
    6.52    5433.0    122.66
    6.57    5428.3    123.26
    6.62    5423.6    123.86
    6.68    5418.9    124.47
    6.73    5414.2    125.07
    6.78    5409.5    125.68
    6.89    5400.0    126.89
    7.04    5387.1    128.56
    7.19    5374.1    130.24
    7.34    5361.1    131.93
    7.50    5348.1    133.63
    7.64    5336.1    135.19
    7.79    5324.1    136.77
    8.09    5300.0    139.95
    8.47    5270.3    143.90
    8.86    5240.3    147.92
    9.13    5220.2    150.65
    9.41    5200.0    153.41
    9.73    5176.9    156.58
   10.16    5146.9    160.76
   10.62    5116.6    165.03
   10.64    5115.0    165.25
   10.66    5113.5    165.47
   10.71    5110.3    165.91
   10.80    5104.1    166.80
   10.87    5100.0    167.39
   11.00    5091.5    168.60
   11.40    5066.1    172.28
   12.01    5028.8    177.74
   12.50    5000.0    182.05
   12.66    4991.1    183.39
   13.39    4950.6    189.63
   13.77    4930.1    192.84
   14.17    4909.6    196.11
   14.35    4900.0    197.65
   14.91    4872.3    202.19
   15.31    4853.4    205.33
   15.71    4834.5    208.54
   16.49    4800.0    214.54
   16.62    4794.4    215.55
   17.10    4774.0    219.22
   17.61    4753.5    223.01
   18.58    4716.4    230.12
   19.03    4700.0    233.38
   19.63    4678.8    237.73
   20.22    4659.8    241.84
   20.80    4640.8    245.95
   21.44    4621.6    250.32
   22.11    4602.4    254.91
   22.20    4600.0    255.50
   22.90    4581.8    260.23
   23.61    4563.5    264.95
   24.45    4544.0    270.50
   25.38    4524.3    276.51
   26.03    4512.2    280.66
   26.68    4500.0    284.81
   27.61    4484.7    290.70
   28.44    4474.7    295.84
   29.27    4464.7    300.99
   30.10    4454.7    306.14
   30.93    4444.7    311.28
   31.54    4439.7    315.03
   32.53    4436.0    321.04
   33.52    4432.2    327.05
   34.51    4428.5    333.07
   35.50    4424.8    339.08
   36.49    4428.5    345.09
   37.48    4432.2    351.10
   38.47    4436.0    357.11
   39.46    4439.7    363.13
   40.07    4444.7    366.87
   40.90    4454.7    372.02
   41.73    4464.7    377.16
   42.56    4474.7    382.31
   43.39    4484.7    387.46
   44.32    4500.0    393.34
   44.97    4512.2    397.49
   45.62    4524.3    401.65
   46.55    4544.0    407.66
   47.39    4563.5    413.21
   48.10    4581.8    417.93
   48.80    4600.0    422.65
   48.89    4602.4    423.25
   49.56    4621.6    427.83
   50.20    4640.8    432.21
   50.78    4659.8    436.32
   51.37    4678.8    440.42
   51.97    4700.0    444.77
   52.42    4716.4    448.03
   53.39    4753.5    455.15
   53.90    4774.0    458.93
   54.38    4794.4    462.61
   54.51    4800.0    463.61
   55.29    4834.5    469.62
   55.69    4853.4    472.83
   56.09    4872.3    475.97
   56.65    4900.0    480.51
   56.83    4909.6    482.05
   57.23    4930.1    485.32
   57.61    4950.6    488.52
   58.34    4991.1    494.76
   58.50    5000.0    496.10
   58.99    5028.8    500.41
   59.60    5066.1    505.88
   60.00    5091.5    509.55
   60.13    5100.0    510.77
   60.20    5104.1    511.36
   60.29    5110.3    512.24
   60.34    5113.5    512.69
   60.36    5115.0    512.91
   60.38    5116.6    513.13
   60.84    5146.9    517.39
   61.27    5176.9    521.58
   61.59    5200.0    524.75
   61.87    5220.2    527.51
   62.14    5240.3    530.23
   62.53    5270.3    534.25
   62.91    5300.0    538.21
   63.21    5324.1    541.39
   63.36    5336.1    542.96
   63.50    5348.1    544.52
   63.66    5361.1    546.23
   63.81    5374.1    547.92
   63.96    5387.1    549.59
   64.11    5400.0    551.26
   64.22    5409.5    552.48
   64.27    5414.2    553.08
   64.32    5418.9    553.69
   64.38    5423.6    554.29
   64.43    5428.3    554.89
   64.48    5433.0    555.49
   64.51    5435.3    555.79
   64.52    5436.5    555.94
   64.53    5437.6    556.09
   64.65    5447.9    557.40
   64.72    5454.7    558.27
   64.97    5477.4    561.15
   65.21    5500.0    564.00
   65.31    5509.5    565.20
   65.40    5519.0    566.40
   65.60    5537.9    568.77
   65.66    5544.0    569.53
   65.72    5550.0    570.29
   65.84    5562.1    571.80
   66.03    5581.1    574.17
   66.21    5600.0    576.51
   66.43    5623.1    579.37
   66.68    5650.0    582.70
   66.88    5672.2    585.45
   66.98    5683.3    586.80
   67.08    5694.2    588.15
   67.11    5697.6    588.57
   67.13    5701.0    588.99
   67.28    5718.5    591.17
   67.41    5736.0    593.35
   67.45    5740.7    593.93
   67.49    5745.3    594.51
   67.59    5758.2    596.11
   67.63    5764.6    596.91
   67.68    5771.0    597.70
   67.81    5787.7    599.78
   67.93    5804.2    601.84
   67.99    5812.3    602.85
   68.05    5820.4    603.86
   68.06    5821.0    603.94
   68.15    5834.8    605.66
   68.25    5848.3    607.36
   68.30    5855.1    608.21
   68.34    5861.7    609.05
   68.40    5871.0    610.22
   68.54    5891.1    612.76
   68.64    5906.2    614.67
   68.73    5921.0    616.56
   68.77    5926.9    617.31
   68.81    5932.7    618.05
   68.82    5935.6    618.42
   68.94    5953.5    620.71
   68.99    5962.3    621.85
   69.04    5971.0    622.97
   69.12    5984.5    624.74
   69.22    6001.4    626.97
   69.30    6016.0    628.89
   69.42    6037.7    631.75
   69.54    6059.2    634.59
   69.54    6060.1    634.71
   69.55    6061.0    634.83
   69.65    6080.5    637.40
   69.72    6093.3    639.10
   69.79    6106.0    640.79
   69.82    6111.6    641.53
   69.85    6117.1    642.27
   69.91    6128.2    643.74
   69.92    6130.6    644.07
   69.93    6133.1    644.40
   69.98    6142.1    645.59
   70.00    6146.5    646.18
   70.01    6148.8    646.48
   70.02    6151.0    646.78
   70.11    6168.5    649.23
   70.19    6186.0    651.68
   70.27    6203.5    654.12
   70.35    6221.0    656.56
   70.43    6238.5    658.99
   70.47    6247.2    660.21
   70.51    6256.0    661.42
   70.54    6263.3    662.43
   70.55    6264.0    662.54
   70.61    6277.5    664.40
   70.67    6291.0    666.27
   70.72    6301.0    667.65
   70.76    6311.0    669.04
   70.78    6316.0    669.72
   70.81    6321.0    670.41
   70.83    6326.0    671.10
   70.85    6331.0    671.79
   70.87    6334.9    672.33
   70.89    6338.8    672.87
   70.90    6342.7    673.40
   70.91    6344.6    673.67
   70.92    6346.6    673.94
   70.92    6346.9    673.99
   70.94    6351.4    674.71
   70.95    6353.7    675.07
   70.95    6354.9    675.25
   70.96    6356.0    675.43
   70.98    6363.5    676.79
   70.99    6367.3    677.47
   70.99    6369.1    677.81
   71.00    6370.1    677.98
   71.00    6371.0    678.16
