    0.00    6371.0      0.00
    0.00    6370.1      0.17
    0.01    6369.1      0.34
    0.01    6367.3      0.67
    0.02    6363.5      1.35
    0.04    6356.0      2.70
    0.04    6354.9      2.88
    0.05    6353.7      3.05
    0.05    6351.4      3.41
    0.07    6346.9      4.12
    0.07    6346.6      4.17
    0.08    6344.6      4.43
    0.09    6342.7      4.69
    0.10    6338.8      5.22
    0.12    6334.9      5.74
    0.13    6331.0      6.27
    0.15    6326.0      6.94
    0.17    6321.0      7.61
    0.19    6316.0      8.29
    0.21    6311.0      8.96
    0.25    6301.0     10.31
    0.29    6291.0     11.66
    0.35    6277.5     13.49
    0.40    6264.0     15.32
    0.40    6263.3     15.42
    0.43    6256.0     16.40
    0.47    6247.2     17.59
    0.50    6238.5     18.78
    0.57    6221.0     21.16
    0.64    6203.5     23.55
    0.72    6186.0     25.93
    0.79    6168.5     28.33
    0.86    6151.0     30.72
    0.87    6148.8     31.01
    0.88    6146.5     31.30
    0.90    6142.1     31.87
    0.94    6133.1     33.04
    0.95    6130.6     33.36
    0.96    6128.2     33.68
    1.02    6117.1     35.11
    1.04    6111.6     35.82
    1.07    6106.0     36.54
    1.13    6093.3     38.18
    1.19    6080.5     39.83
    1.28    6061.0     42.33
    1.28    6060.1     42.45
    1.29    6059.2     42.56
    1.39    6037.7     45.32
    1.50    6016.0     48.09
    1.57    6001.4     49.94
    1.65    5984.5     52.10
    1.72    5971.0     53.82
    1.77    5962.3     54.90
    1.81    5953.5     56.00
    1.91    5935.6     58.21
    1.93    5932.7     58.56
    1.96    5926.9     59.28
    1.99    5921.0     60.00
    2.07    5906.2     61.81
    2.16    5891.1     63.65
    2.27    5871.0     66.09
    2.33    5861.7     67.21
    2.37    5855.1     68.01
    2.41    5848.3     68.82
    2.49    5834.8     70.45
    2.58    5821.0     72.09
    2.58    5820.4     72.17
    2.63    5812.3     73.13
    2.68    5804.2     74.09
    2.79    5787.7     76.05
    2.89    5771.0     78.02
    2.94    5764.6     78.78
    2.98    5758.2     79.54
    3.06    5745.3     81.05
    3.10    5740.7     81.60
    3.13    5736.0     82.15
    3.24    5718.5     84.21
    3.36    5701.0     86.28
    3.39    5697.6     86.67
    3.41    5694.2     87.06
    3.50    5683.3     88.32
    3.58    5672.2     89.59
    3.75    5650.0     92.15
    3.96    5623.1     95.25
    4.14    5600.0     97.90
    4.29    5581.1    100.07
    4.45    5562.1    102.26
    4.55    5550.0    103.66
    4.60    5544.0    104.36
    4.65    5537.9    105.06
    4.81    5519.0    107.24
    4.89    5509.5    108.34
    4.98    5500.0    109.44
    5.17    5477.4    112.05
    5.38    5454.7    114.69
    5.44    5447.9    115.48
    5.53    5437.6    116.67
    5.54    5436.5    116.81
    5.55    5435.3    116.94
    5.57    5433.0    117.22
    5.62    5428.3    117.76
    5.66    5423.6    118.31
    5.70    5418.9    118.86
    5.75    5414.2    119.41
    5.79    5409.5    119.96
    5.88    5400.0    121.06
    6.00    5387.1    122.57
    6.12    5374.1    124.09
    6.25    5361.1    125.62
    6.37    5348.1    127.15
    6.49    5336.1    128.56
    6.61    5324.1    129.97
    6.85    5300.0    132.82
    7.16    5270.3    136.34
    7.47    5240.3    139.91
    7.69    5220.2    142.32
    7.91    5200.0    144.75
    8.16    5176.9    147.54
    8.50    5146.9    151.18
    8.86    5116.6    154.88
    8.88    5115.0    155.07
    8.89    5113.5    155.26
    8.93    5110.3    155.65
    9.01    5104.1    156.41
    9.05    5100.0    156.92
    9.16    5091.5    157.96
    9.47    5066.1    161.11
    9.93    5028.8    165.75
   10.31    5000.0    169.38
   10.42    4991.1    170.50
   10.97    4950.6    175.67
   11.25    4930.1    178.30
   11.54    4909.6    180.96
   11.68    4900.0    182.21
   12.09    4872.3    185.86
   12.37    4853.4    188.35
   12.66    4834.5    190.88
   13.20    4800.0    195.53
   13.29    4794.4    196.30
   13.62    4774.0    199.10
   13.96    4753.5    201.93
   14.60    4716.4    207.15
   14.89    4700.0    209.49
   15.28    4678.8    212.54
   16.00    4640.8    218.13
   16.37    4621.6    220.99
   16.76    4602.4    223.90
   16.81    4600.0    224.27
   17.57    4563.5    229.93
   18.00    4544.0    233.04
   18.44    4524.3    236.21
   19.00    4500.0    240.23
   19.37    4484.7    242.79
   19.87    4464.7    246.26
   20.38    4444.7    249.73
   20.51    4439.7    250.62
   21.05    4419.8    254.26
   21.60    4400.0    257.89
   22.21    4378.9    261.92
   22.43    4371.6    263.36
   22.99    4353.7    266.97
   23.56    4335.9    270.58
   24.18    4317.9    274.47
   24.80    4300.0    278.37
   25.57    4280.3    283.04
   26.33    4260.5    287.72
   27.22    4240.7    293.03
   28.11    4220.8    298.35
   28.63    4210.4    301.40
   29.18    4200.0    304.61
   30.00    4187.6    309.26
   30.81    4175.1    313.91
   31.63    4162.7    318.55
   32.44    4150.2    323.20
   33.33    4144.9    328.07
   34.21    4139.5    332.93
   35.09    4134.2    337.80
   35.97    4128.8    342.66
   36.85    4123.5    347.53
   37.74    4118.1    352.39
   38.62    4112.7    357.26
   39.50    4107.4    362.12
   40.38    4112.7    366.98
   41.26    4118.1    371.85
   42.15    4123.5    376.71
   43.03    4128.8    381.58
   43.91    4134.2    386.44
   44.79    4139.5    391.31
   45.67    4144.9    396.17
   46.56    4150.2    401.04
   47.37    4162.7    405.69
   48.19    4175.1    410.33
   49.00    4187.6    414.98
   49.82    4200.0    419.63
   50.37    4210.4    422.84
   50.89    4220.8    425.89
   51.78    4240.7    431.21
   52.67    4260.5    436.52
   53.43    4280.3    441.20
   54.20    4300.0    445.87
   54.82    4317.9    449.77
   55.44    4335.9    453.66
   56.01    4353.7    457.27
   56.57    4371.6    460.89
   56.79    4378.9    462.32
   57.40    4400.0    466.35
   57.95    4419.8    469.98
   58.49    4439.7    473.62
   58.62    4444.7    474.51
   59.13    4464.7    477.98
   59.63    4484.7    481.45
   60.00    4500.0    484.01
   60.56    4524.3    488.03
   61.00    4544.0    491.20
   61.43    4563.5    494.31
   62.19    4600.0    499.97
   62.24    4602.4    500.34
   62.63    4621.6    503.25
   63.00    4640.8    506.11
   63.72    4678.8    511.70
   64.11    4700.0    514.75
   64.40    4716.4    517.09
   65.04    4753.5    522.31
   65.38    4774.0    525.14
   65.71    4794.4    527.94
   65.80    4800.0    528.71
   66.34    4834.5    533.36
   66.63    4853.4    535.89
   66.91    4872.3    538.38
   67.32    4900.0    542.03
   67.46    4909.6    543.28
   67.75    4930.1    545.94
   68.03    4950.6    548.57
   68.58    4991.1    553.74
   68.69    5000.0    554.86
   69.07    5028.8    558.49
   69.53    5066.1    563.13
   69.84    5091.5    566.28
   69.95    5100.0    567.32
   69.99    5104.1    567.83
   70.07    5110.3    568.59
   70.11    5113.5    568.98
   70.12    5115.0    569.17
   70.14    5116.6    569.36
   70.50    5146.9    573.06
   70.84    5176.9    576.71
   71.09    5200.0    579.49
   71.31    5220.2    581.92
   71.53    5240.3    584.33
   71.84    5270.3    587.90
   72.15    5300.0    591.42
   72.39    5324.1    594.27
   72.51    5336.1    595.68
   72.63    5348.1    597.09
   72.75    5361.1    598.62
   72.88    5374.1    600.15
   73.00    5387.1    601.67
   73.12    5400.0    603.18
   73.21    5409.5    604.28
   73.25    5414.2    604.83
   73.30    5418.9    605.38
   73.34    5423.6    605.93
   73.38    5428.3    606.48
   73.43    5433.0    607.02
   73.45    5435.3    607.30
   73.46    5436.5    607.43
   73.47    5437.6    607.57
   73.56    5447.9    608.76
   73.62    5454.7    609.55
   73.83    5477.4    612.19
   74.02    5500.0    614.80
   74.11    5509.5    615.90
   74.19    5519.0    617.00
   74.35    5537.9    619.18
   74.40    5544.0    619.88
   74.45    5550.0    620.58
   74.55    5562.1    621.98
   74.71    5581.1    624.17
   74.86    5600.0    626.34
   75.04    5623.1    628.99
   75.25    5650.0    632.09
   75.42    5672.2    634.65
   75.50    5683.3    635.92
   75.59    5694.2    637.18
   75.61    5697.6    637.57
   75.64    5701.0    637.96
   75.76    5718.5    640.03
   75.87    5736.0    642.09
   75.90    5740.7    642.64
   75.94    5745.3    643.19
   76.02    5758.2    644.70
   76.06    5764.6    645.46
   76.11    5771.0    646.22
   76.21    5787.7    648.19
   76.32    5804.2    650.15
   76.37    5812.3    651.11
   76.42    5820.4    652.07
   76.42    5821.0    652.15
   76.51    5834.8    653.79
   76.59    5848.3    655.42
   76.63    5855.1    656.23
   76.67    5861.7    657.03
   76.73    5871.0    658.15
   76.84    5891.1    660.59
   76.93    5906.2    662.43
   77.01    5921.0    664.24
   77.04    5926.9    664.96
   77.07    5932.7    665.68
   77.09    5935.6    666.03
   77.19    5953.5    668.24
   77.23    5962.3    669.34
   77.28    5971.0    670.42
   77.35    5984.5    672.14
   77.43    6001.4    674.30
   77.50    6016.0    676.15
   77.61    6037.7    678.92
   77.71    6059.2    681.68
   77.72    6060.1    681.79
   77.72    6061.0    681.91
   77.81    6080.5    684.41
   77.87    6093.3    686.06
   77.93    6106.0    687.70
   77.96    6111.6    688.42
   77.98    6117.1    689.13
   78.04    6128.2    690.56
   78.05    6130.6    690.88
   78.06    6133.1    691.20
   78.10    6142.1    692.37
   78.12    6146.5    692.94
   78.13    6148.8    693.23
   78.14    6151.0    693.52
   78.21    6168.5    695.91
   78.28    6186.0    698.31
   78.36    6203.5    700.69
   78.43    6221.0    703.08
   78.50    6238.5    705.46
   78.53    6247.2    706.65
   78.57    6256.0    707.84
   78.60    6263.3    708.82
   78.60    6264.0    708.92
   78.65    6277.5    710.75
   78.71    6291.0    712.58
   78.75    6301.0    713.93
   78.79    6311.0    715.28
   78.81    6316.0    715.95
   78.83    6321.0    716.63
   78.85    6326.0    717.30
   78.87    6331.0    717.97
   78.88    6334.9    718.50
   78.90    6338.8    719.02
   78.91    6342.7    719.55
   78.92    6344.6    719.81
   78.93    6346.6    720.07
   78.93    6346.9    720.12
   78.95    6351.4    720.83
   78.95    6353.7    721.19
   78.96    6354.9    721.36
   78.96    6356.0    721.54
   78.98    6363.5    722.89
   78.99    6367.3    723.57
   78.99    6369.1    723.90
   79.00    6370.1    724.07
   79.00    6371.0    724.24
