    0.00    6371.0      0.00
    0.00    6370.1      0.17
    0.01    6369.1      0.35
    0.01    6367.3      0.69
    0.03    6363.5      1.39
    0.05    6356.0      2.78
    0.06    6354.9      2.96
    0.06    6353.7      3.15
    0.07    6351.4      3.52
    0.09    6346.9      4.26
    0.09    6346.6      4.31
    0.10    6344.6      4.59
    0.11    6342.7      4.87
    0.14    6338.8      5.43
    0.16    6334.9      5.99
    0.18    6331.0      6.55
    0.20    6326.0      7.27
    0.23    6321.0      7.99
    0.26    6316.0      8.71
    0.29    6311.0      9.43
    0.34    6301.0     10.87
    0.40    6291.0     12.32
    0.47    6277.5     14.27
    0.54    6264.0     16.22
    0.55    6263.3     16.33
    0.59    6256.0     17.38
    0.64    6247.2     18.65
    0.68    6238.5     19.92
    0.78    6221.0     22.47
    0.88    6203.5     25.02
    0.98    6186.0     27.57
    1.08    6168.5     30.13
    1.18    6151.0     32.69
    1.19    6148.8     33.00
    1.20    6146.5     33.32
    1.23    6142.1     33.95
    1.29    6133.1     35.21
    1.30    6130.6     35.56
    1.32    6128.2     35.90
    1.39    6117.1     37.46
    1.43    6111.6     38.24
    1.46    6106.0     39.02
    1.55    6093.3     40.81
    1.63    6080.5     42.61
    1.76    6061.0     45.34
    1.77    6060.1     45.47
    1.77    6059.2     45.60
    1.92    6037.7     48.61
    2.07    6016.0     51.65
    2.17    6001.4     53.69
    2.29    5984.5     56.07
    2.38    5971.0     57.96
    2.45    5962.3     59.17
    2.51    5953.5     60.39
    2.65    5935.6     62.86
    2.68    5932.7     63.26
    2.72    5926.9     64.06
    2.77    5921.0     64.87
    2.89    5906.2     66.92
    3.01    5891.1     68.99
    3.18    5871.0     71.77
    3.26    5861.7     73.05
    3.32    5855.1     73.97
    3.38    5848.3     74.89
    3.50    5834.8     76.77
    3.62    5821.0     78.67
    3.63    5820.4     78.75
    3.70    5812.3     79.87
    3.78    5804.2     80.99
    3.94    5787.7     83.27
    4.10    5771.0     85.59
    4.16    5764.6     86.48
    4.23    5758.2     87.38
    4.36    5745.3     89.17
    4.41    5740.7     89.82
    4.45    5736.0     90.47
    4.63    5718.5     92.92
    4.81    5701.0     95.39
    4.85    5697.6     95.87
    4.89    5694.2     96.35
    5.02    5683.3     97.92
    5.16    5672.2     99.50
    5.43    5650.0    102.71
    5.77    5623.1    106.64
    6.07    5600.0    110.03
    6.32    5581.1    112.84
    6.58    5562.1    115.69
    6.75    5550.0    117.52
    6.84    5544.0    118.44
    6.93    5537.9    119.37
    7.20    5519.0    122.26
    7.34    5509.5    123.72
    7.48    5500.0    125.20
    7.82    5477.4    128.73
    8.17    5454.7    132.33
    8.28    5447.9    133.41
    8.45    5437.6    135.06
    8.47    5436.5    135.25
    8.48    5435.3    135.44
    8.52    5433.0    135.82
    8.60    5428.3    136.58
    8.68    5423.6    137.34
    8.75    5418.9    138.11
    8.83    5414.2    138.88
    8.91    5409.5    139.65
    9.07    5400.0    141.21
    9.29    5387.1    143.35
    9.52    5374.1    145.52
    9.75    5361.1    147.73
    9.98    5348.1    149.96
   10.20    5336.1    152.02
   10.43    5324.1    154.12
   10.90    5300.0    158.39
   11.49    5270.3    163.79
   12.13    5240.3    169.41
   12.57    5220.2    173.30
   13.04    5200.0    177.30
   13.59    5176.9    181.99
   14.36    5146.9    188.36
   15.18    5116.6    195.11
   15.23    5115.0    195.47
   15.27    5113.5    195.83
   15.36    5110.3    196.54
   15.54    5104.1    197.99
   15.66    5100.0    198.96
   15.91    5091.5    200.99
   16.71    5066.1    207.30
   17.36    5047.4    212.31
   18.00    5028.8    217.32
   18.57    5014.4    221.63
   19.14    5000.0    225.94
   19.52    4991.1    228.79
   20.19    4977.6    233.74
   20.86    4964.1    238.68
   21.53    4950.6    243.63
   22.17    4940.3    248.24
   22.80    4930.1    252.86
   23.63    4919.9    258.74
   24.45    4909.6    264.63
   24.97    4904.8    268.29
   25.48    4900.0    271.96
   26.36    4896.5    278.13
   27.24    4892.9    284.30
   28.12    4889.4    290.48
   29.00    4885.9    296.65
   29.88    4889.4    302.82
   30.76    4892.9    308.99
   31.64    4896.5    315.16
   32.52    4900.0    321.34
   33.03    4904.8    325.00
   33.55    4909.6    328.67
   34.37    4919.9    334.55
   35.20    4930.1    340.44
   35.83    4940.3    345.05
   36.47    4950.6    349.67
   37.14    4964.1    354.62
   37.81    4977.6    359.56
   38.48    4991.1    364.51
   38.86    5000.0    367.36
   39.43    5014.4    371.67
   40.00    5028.8    375.98
   40.64    5047.4    380.99
   41.29    5066.1    385.99
   42.09    5091.5    392.31
   42.34    5100.0    394.33
   42.46    5104.1    395.30
   42.64    5110.3    396.75
   42.73    5113.5    397.47
   42.77    5115.0    397.83
   42.82    5116.6    398.18
   43.64    5146.9    404.93
   44.41    5176.9    411.30
   44.96    5200.0    416.00
   45.43    5220.2    420.00
   45.87    5240.3    423.88
   46.51    5270.3    429.50
   47.10    5300.0    434.91
   47.57    5324.1    439.18
   47.80    5336.1    441.27
   48.02    5348.1    443.34
   48.25    5361.1    445.57
   48.48    5374.1    447.77
   48.71    5387.1    449.95
   48.93    5400.0    452.09
   49.09    5409.5    453.65
   49.17    5414.2    454.42
   49.25    5418.9    455.19
   49.32    5423.6    455.96
   49.40    5428.3    456.72
   49.48    5433.0    457.48
   49.52    5435.3    457.86
   49.53    5436.5    458.05
   49.55    5437.6    458.23
   49.72    5447.9    459.88
   49.83    5454.7    460.97
   50.18    5477.4    464.57
   50.52    5500.0    468.10
   50.66    5509.5    469.57
   50.80    5519.0    471.04
   51.07    5537.9    473.93
   51.16    5544.0    474.86
   51.25    5550.0    475.78
   51.42    5562.1    477.61
   51.68    5581.1    480.46
   51.93    5600.0    483.26
   52.23    5623.1    486.66
   52.57    5650.0    490.59
   52.84    5672.2    493.80
   52.98    5683.3    495.38
   53.11    5694.2    496.94
   53.15    5697.6    497.43
   53.19    5701.0    497.91
   53.37    5718.5    500.38
   53.55    5736.0    502.82
   53.59    5740.7    503.47
   53.64    5745.3    504.13
   53.77    5758.2    505.92
   53.84    5764.6    506.81
   53.90    5771.0    507.70
   54.06    5787.7    510.03
   54.22    5804.2    512.31
   54.30    5812.3    513.43
   54.37    5820.4    514.55
   54.38    5821.0    514.63
   54.50    5834.8    516.53
   54.62    5848.3    518.40
   54.68    5855.1    519.33
   54.74    5861.7    520.25
   54.82    5871.0    521.53
   54.99    5891.1    524.30
   55.11    5906.2    526.38
   55.23    5921.0    528.42
   55.28    5926.9    529.23
   55.32    5932.7    530.04
   55.35    5935.6    530.44
   55.49    5953.5    532.91
   55.55    5962.3    534.13
   55.62    5971.0    535.34
   55.71    5984.5    537.23
   55.83    6001.4    539.60
   55.93    6016.0    541.64
   56.08    6037.7    544.69
   56.23    6059.2    547.70
   56.23    6060.1    547.83
   56.24    6061.0    547.96
   56.37    6080.5    550.69
   56.45    6093.3    552.49
   56.54    6106.0    554.28
   56.57    6111.6    555.06
   56.61    6117.1    555.84
   56.68    6128.2    557.39
   56.70    6130.6    557.74
   56.71    6133.1    558.09
   56.77    6142.1    559.35
   56.80    6146.5    559.98
   56.81    6148.8    560.29
   56.82    6151.0    560.61
   56.92    6168.5    563.17
   57.02    6186.0    565.73
   57.12    6203.5    568.28
   57.22    6221.0    570.83
   57.32    6238.5    573.37
   57.36    6247.2    574.64
   57.41    6256.0    575.92
   57.45    6263.3    576.97
   57.46    6264.0    577.08
   57.53    6277.5    579.03
   57.60    6291.0    580.98
   57.66    6301.0    582.42
   57.71    6311.0    583.87
   57.74    6316.0    584.59
   57.77    6321.0    585.31
   57.80    6326.0    586.03
   57.82    6331.0    586.75
   57.84    6334.9    587.31
   57.86    6338.8    587.87
   57.89    6342.7    588.43
   57.90    6344.6    588.71
   57.91    6346.6    588.99
   57.91    6346.9    589.03
   57.93    6351.4    589.78
   57.94    6353.7    590.15
   57.94    6354.9    590.33
   57.95    6356.0    590.52
   57.97    6363.5    591.91
   57.99    6367.3    592.60
   57.99    6369.1    592.95
   58.00    6370.1    593.12
   58.00    6371.0    593.30
