    0.00    6371.0      0.00
    0.00    6370.1      0.18
    0.01    6369.1      0.36
    0.02    6367.3      0.71
    0.03    6363.5      1.42
    0.06    6356.0      2.85
    0.07    6354.9      3.04
    0.07    6353.7      3.23
    0.09    6351.4      3.62
    0.11    6346.9      4.39
    0.11    6346.6      4.44
    0.12    6344.6      4.73
    0.14    6342.7      5.03
    0.16    6338.8      5.62
    0.19    6334.9      6.22
    0.21    6331.0      6.81
    0.25    6326.0      7.58
    0.28    6321.0      8.34
    0.31    6316.0      9.10
    0.34    6311.0      9.87
    0.41    6301.0     11.40
    0.48    6291.0     12.93
    0.57    6277.5     15.00
    0.66    6264.0     17.07
    0.66    6263.3     17.19
    0.71    6256.0     18.31
    0.77    6247.2     19.66
    0.83    6238.5     21.01
    0.95    6221.0     23.71
    1.07    6203.5     26.42
    1.19    6186.0     29.13
    1.31    6168.5     31.85
    1.43    6151.0     34.57
    1.44    6148.8     34.91
    1.46    6146.5     35.25
    1.50    6142.1     35.93
    1.57    6133.1     37.29
    1.59    6130.6     37.67
    1.61    6128.2     38.04
    1.69    6117.1     39.73
    1.74    6111.6     40.57
    1.78    6106.0     41.42
    1.88    6093.3     43.36
    1.99    6080.5     45.31
    2.15    6061.0     48.28
    2.16    6060.1     48.42
    2.17    6059.2     48.56
    2.35    6037.7     51.84
    2.53    6016.0     55.17
    2.66    6001.4     57.40
    2.81    5984.5     60.01
    2.93    5971.0     62.08
    3.01    5962.3     63.43
    3.10    5953.5     64.78
    3.28    5935.6     67.55
    3.30    5932.7     67.99
    3.36    5926.9     68.90
    3.42    5921.0     69.81
    3.58    5906.2     72.12
    3.74    5891.1     74.47
    3.96    5871.0     77.64
    4.07    5861.7     79.11
    4.14    5855.1     80.17
    4.22    5848.3     81.24
    4.38    5834.8     83.41
    4.55    5821.0     85.63
    4.56    5820.4     85.73
    4.66    5812.3     87.03
    4.76    5804.2     88.36
    4.97    5787.7     91.06
    5.20    5771.0     93.84
    5.28    5764.6     94.92
    5.37    5758.2     95.99
    5.55    5745.3     98.16
    5.62    5740.7     98.95
    5.68    5736.0     99.75
    5.93    5718.5    102.73
    6.19    5701.0    105.75
    6.25    5697.6    106.39
    6.31    5694.2    107.02
    6.50    5683.3    109.09
    6.71    5672.2    111.19
    7.13    5650.0    115.54
    7.67    5623.1    120.99
    8.16    5600.0    125.85
    8.59    5581.1    129.97
    9.04    5562.1    134.23
    9.33    5550.0    137.02
    9.48    5544.0    138.44
    9.64    5537.9    139.88
   10.13    5519.0    144.47
   10.39    5509.5    146.85
   10.66    5500.0    149.28
   11.32    5477.4    155.27
   12.04    5454.7    161.69
   12.27    5447.9    163.70
   12.63    5437.6    166.82
   12.67    5436.5    167.19
   12.71    5435.3    167.55
   12.80    5433.0    168.29
   12.97    5428.3    169.78
   13.14    5423.6    171.30
   13.32    5418.9    172.85
   13.51    5414.2    174.44
   13.70    5409.5    176.07
   14.09    5400.0    179.44
   14.67    5387.1    184.33
   15.31    5374.1    189.65
   16.01    5361.1    195.54
   16.82    5348.1    202.24
   17.70    5336.1    209.44
   18.27    5330.1    214.02
   18.83    5324.1    218.60
   19.62    5320.6    224.96
   20.42    5317.0    231.33
   21.21    5313.4    237.70
   22.00    5309.9    244.07
   22.79    5313.4    250.44
   23.58    5317.0    256.81
   24.38    5320.6    263.18
   25.17    5324.1    269.55
   25.73    5330.1    274.12
   26.30    5336.1    278.70
   27.18    5348.1    285.91
   27.99    5361.1    292.60
   28.69    5374.1    298.49
   29.33    5387.1    303.81
   29.91    5400.0    308.70
   30.30    5409.5    312.07
   30.49    5414.2    313.70
   30.68    5418.9    315.29
   30.86    5423.6    316.84
   31.03    5428.3    318.36
   31.20    5433.0    319.85
   31.29    5435.3    320.59
   31.33    5436.5    320.95
   31.37    5437.6    321.32
   31.73    5447.9    324.44
   31.96    5454.7    326.45
   32.68    5477.4    332.87
   33.34    5500.0    338.86
   33.61    5509.5    341.30
   33.87    5519.0    343.67
   34.36    5537.9    348.26
   34.52    5544.0    349.70
   34.67    5550.0    351.12
   34.96    5562.1    353.91
   35.41    5581.1    358.18
   35.84    5600.0    362.29
   36.33    5623.1    367.15
   36.87    5650.0    372.60
   37.29    5672.2    376.95
   37.50    5683.3    379.05
   37.69    5694.2    381.12
   37.75    5697.6    381.76
   37.81    5701.0    382.39
   38.07    5718.5    385.41
   38.32    5736.0    388.40
   38.38    5740.7    389.19
   38.45    5745.3    389.98
   38.63    5758.2    392.15
   38.72    5764.6    393.23
   38.80    5771.0    394.30
   39.03    5787.7    397.08
   39.24    5804.2    399.78
   39.34    5812.3    401.11
   39.44    5820.4    402.42
   39.45    5821.0    402.51
   39.62    5834.8    404.73
   39.78    5848.3    406.90
   39.86    5855.1    407.97
   39.93    5861.7    409.03
   40.04    5871.0    410.50
   40.26    5891.1    413.67
   40.42    5906.2    416.03
   40.58    5921.0    418.33
   40.64    5926.9    419.24
   40.70    5932.7    420.15
   40.72    5935.6    420.59
   40.90    5953.5    423.36
   40.99    5962.3    424.72
   41.07    5971.0    426.06
   41.19    5984.5    428.13
   41.34    6001.4    430.74
   41.47    6016.0    432.98
   41.65    6037.7    436.30
   41.83    6059.2    439.58
   41.84    6060.1    439.72
   41.85    6061.0    439.86
   42.01    6080.5    442.83
   42.12    6093.3    444.78
   42.22    6106.0    446.72
   42.26    6111.6    447.57
   42.31    6117.1    448.42
   42.39    6128.2    450.10
   42.41    6130.6    450.47
   42.43    6133.1    450.85
   42.50    6142.1    452.21
   42.54    6146.5    452.89
   42.56    6148.8    453.23
   42.57    6151.0    453.57
   42.69    6168.5    456.29
   42.81    6186.0    459.01
   42.93    6203.5    461.72
   43.05    6221.0    464.44
   43.17    6238.5    467.13
   43.23    6247.2    468.48
   43.29    6256.0    469.84
   43.34    6263.3    470.95
   43.34    6264.0    471.07
   43.43    6277.5    473.14
   43.52    6291.0    475.21
   43.59    6301.0    476.74
   43.66    6311.0    478.27
   43.69    6316.0    479.04
   43.72    6321.0    479.80
   43.75    6326.0    480.56
   43.79    6331.0    481.33
   43.81    6334.9    481.92
   43.84    6338.8    482.52
   43.86    6342.7    483.11
   43.88    6344.6    483.41
   43.89    6346.6    483.71
   43.89    6346.9    483.75
   43.91    6351.4    484.52
   43.93    6353.7    484.91
   43.93    6354.9    485.10
   43.94    6356.0    485.29
   43.97    6363.5    486.72
   43.98    6367.3    487.43
   43.99    6369.1    487.79
   44.00    6370.1    487.96
   44.00    6371.0    488.14
