    0.00    6371.0      0.00
    0.00    6370.1      0.18
    0.01    6369.1      0.36
    0.02    6367.3      0.72
    0.03    6363.5      1.43
    0.06    6356.0      2.87
    0.07    6354.9      3.06
    0.08    6353.7      3.26
    0.09    6351.4      3.65
    0.11    6346.9      4.43
    0.11    6346.6      4.47
    0.13    6344.6      4.78
    0.14    6342.7      5.08
    0.17    6338.8      5.69
    0.20    6334.9      6.29
    0.22    6331.0      6.90
    0.26    6326.0      7.68
    0.29    6321.0      8.45
    0.33    6316.0      9.23
    0.36    6311.0     10.01
    0.43    6301.0     11.57
    0.50    6291.0     13.13
    0.60    6277.5     15.24
    0.69    6264.0     17.35
    0.70    6263.3     17.47
    0.75    6256.0     18.61
    0.81    6247.2     19.99
    0.87    6238.5     21.37
    1.00    6221.0     24.12
    1.12    6203.5     26.88
    1.25    6186.0     29.65
    1.38    6168.5     32.43
    1.50    6151.0     35.20
    1.52    6148.8     35.55
    1.54    6146.5     35.90
    1.58    6142.1     36.59
    1.65    6133.1     37.99
    1.67    6130.6     38.38
    1.69    6128.2     38.76
    1.79    6117.1     40.49
    1.83    6111.6     41.35
    1.88    6106.0     42.22
    1.99    6093.3     44.22
    2.10    6080.5     46.22
    2.27    6061.0     49.28
    2.28    6060.1     49.42
    2.29    6059.2     49.56
    2.48    6037.7     52.94
    2.68    6016.0     56.37
    2.82    6001.4     58.67
    2.98    5984.5     61.36
    3.10    5971.0     63.50
    3.19    5962.3     64.89
    3.29    5953.5     66.30
    3.48    5935.6     69.18
    3.51    5932.7     69.64
    3.57    5926.9     70.58
    3.64    5921.0     71.53
    3.80    5906.2     73.94
    3.98    5891.1     76.40
    4.22    5871.0     79.72
    4.33    5861.7     81.27
    4.41    5855.1     82.38
    4.50    5848.3     83.51
    4.67    5834.8     85.80
    4.86    5821.0     88.15
    4.87    5820.4     88.25
    4.98    5812.3     89.64
    5.09    5804.2     91.05
    5.32    5787.7     93.93
    5.57    5771.0     96.91
    5.67    5764.6     98.07
    5.77    5758.2     99.22
    5.97    5745.3    101.56
    6.04    5740.7    102.41
    6.11    5736.0    103.27
    6.39    5718.5    106.49
    6.68    5701.0    109.77
    6.75    5697.6    110.49
    6.82    5694.2    111.20
    7.05    5683.3    113.54
    7.29    5672.2    115.95
    7.79    5650.0    120.96
    8.45    5623.1    127.37
    9.07    5600.0    133.22
    9.61    5581.1    138.29
   10.19    5562.1    143.65
   10.58    5550.0    147.24
   10.79    5544.0    149.10
   11.00    5537.9    150.99
   11.69    5519.0    157.18
   12.06    5509.5    160.49
   12.46    5500.0    163.97
   12.98    5488.7    168.50
   13.50    5477.4    173.03
   14.13    5466.1    178.46
   14.76    5454.7    183.89
   15.21    5447.9    187.68
   15.97    5437.6    194.19
   16.07    5436.5    195.01
   16.17    5435.3    195.86
   16.38    5433.0    197.61
   16.84    5428.3    201.47
   17.38    5423.6    205.99
   18.07    5418.9    211.74
   18.66    5416.5    216.62
   19.25    5414.2    221.50
   20.00    5413.3    227.75
   20.75    5414.2    234.01
   21.34    5416.5    238.89
   21.93    5418.9    243.76
   22.62    5423.6    249.52
   23.16    5428.3    254.04
   23.62    5433.0    257.90
   23.83    5435.3    259.65
   23.93    5436.5    260.50
   24.03    5437.6    261.32
   24.79    5447.9    267.82
   25.24    5454.7    271.61
   25.87    5466.1    277.05
   26.50    5477.4    282.48
   27.02    5488.7    287.01
   27.54    5500.0    291.54
   27.94    5509.5    295.02
   28.31    5519.0    298.32
   29.00    5537.9    304.52
   29.21    5544.0    306.41
   29.42    5550.0    308.27
   29.81    5562.1    311.85
   30.39    5581.1    317.22
   30.93    5600.0    322.29
   31.55    5623.1    328.14
   32.21    5650.0    334.55
   32.71    5672.2    339.56
   32.95    5683.3    341.96
   33.18    5694.2    344.31
   33.25    5697.6    345.02
   33.32    5701.0    345.73
   33.61    5718.5    349.02
   33.89    5736.0    352.24
   33.96    5740.7    353.10
   34.03    5745.3    353.95
   34.23    5758.2    356.28
   34.33    5764.6    357.44
   34.43    5771.0    358.59
   34.68    5787.7    361.58
   34.91    5804.2    364.46
   35.02    5812.3    365.87
   35.13    5820.4    367.26
   35.14    5821.0    367.36
   35.33    5834.8    369.71
   35.50    5848.3    372.00
   35.59    5855.1    373.13
   35.67    5861.7    374.24
   35.78    5871.0    375.79
   36.02    5891.1    379.11
   36.20    5906.2    381.57
   36.37    5921.0    383.98
   36.43    5926.9    384.93
   36.49    5932.7    385.87
   36.52    5935.6    386.33
   36.71    5953.5    389.20
   36.81    5962.3    390.61
   36.90    5971.0    392.01
   37.02    5984.5    394.15
   37.18    6001.4    396.84
   37.32    6016.0    399.14
   37.52    6037.7    402.57
   37.71    6059.2    405.95
   37.72    6060.1    406.09
   37.73    6061.0    406.23
   37.90    6080.5    409.29
   38.01    6093.3    411.29
   38.12    6106.0    413.28
   38.17    6111.6    414.15
   38.21    6117.1    415.02
   38.31    6128.2    416.75
   38.33    6130.6    417.13
   38.35    6133.1    417.52
   38.42    6142.1    418.92
   38.46    6146.5    419.61
   38.48    6148.8    419.96
   38.50    6151.0    420.31
   38.62    6168.5    423.08
   38.75    6186.0    425.86
   38.88    6203.5    428.62
   39.00    6221.0    431.39
   39.13    6238.5    434.14
   39.19    6247.2    435.52
   39.25    6256.0    436.90
   39.30    6263.3    438.03
   39.31    6264.0    438.15
   39.40    6277.5    440.26
   39.50    6291.0    442.38
   39.57    6301.0    443.94
   39.64    6311.0    445.50
   39.67    6316.0    446.28
   39.71    6321.0    447.05
   39.74    6326.0    447.83
   39.78    6331.0    448.61
   39.80    6334.9    449.22
   39.83    6338.8    449.82
   39.86    6342.7    450.43
   39.87    6344.6    450.73
   39.89    6346.6    451.03
   39.89    6346.9    451.08
   39.91    6351.4    451.86
   39.92    6353.7    452.25
   39.93    6354.9    452.44
   39.94    6356.0    452.64
   39.97    6363.5    454.07
   39.98    6367.3    454.79
   39.99    6369.1    455.15
   40.00    6370.1    455.33
   40.00    6371.0    455.51
