    0.00    6371.0      0.00
    0.00    6370.1      0.17
    0.01    6369.1      0.34
    0.01    6367.3      0.68
    0.02    6363.5      1.35
    0.04    6356.0      2.71
    0.05    6354.9      2.88
    0.05    6353.7      3.06
    0.06    6351.4      3.42
    0.07    6346.9      4.13
    0.07    6346.6      4.18
    0.08    6344.6      4.44
    0.09    6342.7      4.71
    0.10    6338.8      5.23
    0.12    6334.9      5.76
    0.14    6331.0      6.29
    0.16    6326.0      6.97
    0.18    6321.0      7.64
    0.20    6316.0      8.32
    0.22    6311.0      9.00
    0.26    6301.0     10.36
    0.30    6291.0     11.72
    0.36    6277.5     13.55
    0.41    6264.0     15.39
    0.42    6263.3     15.49
    0.45    6256.0     16.48
    0.48    6247.2     17.68
    0.52    6238.5     18.87
    0.59    6221.0     21.26
    0.67    6203.5     23.66
    0.74    6186.0     26.06
    0.81    6168.5     28.47
    0.89    6151.0     30.87
    0.90    6148.8     31.17
    0.91    6146.5     31.46
    0.93    6142.1     32.04
    0.97    6133.1     33.21
    0.98    6130.6     33.53
    1.00    6128.2     33.85
    1.05    6117.1     35.29
    1.08    6111.6     36.01
    1.10    6106.0     36.74
    1.16    6093.3     38.39
    1.23    6080.5     40.05
    1.32    6061.0     42.57
    1.33    6060.1     42.69
    1.33    6059.2     42.80
    1.44    6037.7     45.58
    1.55    6016.0     48.37
    1.62    6001.4     50.24
    1.71    5984.5     52.42
    1.78    5971.0     54.14
    1.83    5962.3     55.24
    1.88    5953.5     56.34
    1.98    5935.6     58.57
    1.99    5932.7     58.93
    2.03    5926.9     59.65
    2.06    5921.0     60.38
    2.14    5906.2     62.21
    2.23    5891.1     64.06
    2.35    5871.0     66.53
    2.41    5861.7     67.66
    2.45    5855.1     68.47
    2.49    5848.3     69.29
    2.58    5834.8     70.93
    2.67    5821.0     72.60
    2.67    5820.4     72.67
    2.72    5812.3     73.64
    2.78    5804.2     74.62
    2.88    5787.7     76.59
    3.00    5771.0     78.60
    3.04    5764.6     79.36
    3.09    5758.2     80.13
    3.17    5745.3     81.66
    3.21    5740.7     82.22
    3.24    5736.0     82.78
    3.36    5718.5     84.86
    3.49    5701.0     86.96
    3.51    5697.6     87.35
    3.54    5694.2     87.75
    3.62    5683.3     89.03
    3.71    5672.2     90.32
    3.89    5650.0     92.92
    4.11    5623.1     96.08
    4.30    5600.0     98.77
    4.46    5581.1    100.98
    4.62    5562.1    103.21
    4.73    5550.0    104.63
    4.78    5544.0    105.34
    4.83    5537.9    106.06
    5.00    5519.0    108.28
    5.09    5509.5    109.40
    5.17    5500.0    110.52
    5.38    5477.4    113.19
    5.59    5454.7    115.88
    5.66    5447.9    116.69
    5.75    5437.6    117.91
    5.77    5436.5    118.05
    5.78    5435.3    118.19
    5.80    5433.0    118.47
    5.84    5428.3    119.02
    5.89    5423.6    119.58
    5.93    5418.9    120.14
    5.98    5414.2    120.71
    6.03    5409.5    121.27
    6.12    5400.0    122.40
    6.25    5387.1    123.94
    6.38    5374.1    125.49
    6.51    5361.1    127.06
    6.64    5348.1    128.63
    6.76    5336.1    130.07
    6.89    5324.1    131.51
    7.14    5300.0    134.43
    7.46    5270.3    138.05
    7.80    5240.3    141.72
    8.02    5220.2    144.19
    8.26    5200.0    146.69
    8.53    5176.9    149.56
    8.89    5146.9    153.32
    9.26    5116.6    157.14
    9.28    5115.0    157.33
    9.30    5113.5    157.53
    9.34    5110.3    157.92
    9.42    5104.1    158.71
    9.47    5100.0    159.24
    9.58    5091.5    160.32
    9.91    5066.1    163.57
   10.41    5028.8    168.38
   10.81    5000.0    172.14
   10.93    4991.1    173.31
   11.52    4950.6    178.69
   11.82    4930.1    181.43
   12.13    4909.6    184.21
   12.28    4900.0    185.52
   12.71    4872.3    189.33
   13.02    4853.4    191.95
   13.33    4834.5    194.60
   13.92    4800.0    199.50
   14.01    4794.4    200.31
   14.38    4774.0    203.27
   14.75    4753.5    206.27
   15.44    4716.4    211.80
   15.76    4700.0    214.29
   16.19    4678.8    217.56
   16.98    4640.8    223.55
   17.39    4621.6    226.64
   17.82    4602.4    229.79
   17.88    4600.0    230.20
   18.73    4563.5    236.36
   19.21    4544.0    239.77
   19.71    4524.3    243.26
   20.36    4500.0    247.71
   20.78    4484.7    250.58
   21.36    4464.7    254.50
   21.95    4444.7    258.42
   22.10    4439.7    259.43
   22.74    4419.8    263.62
   23.39    4400.0    267.82
   24.13    4378.9    272.56
   24.40    4371.6    274.27
   25.10    4353.7    278.66
   25.81    4335.9    283.05
   26.62    4317.9    288.00
   27.43    4300.0    292.95
   28.15    4286.8    297.25
   28.88    4273.7    301.54
   29.60    4260.5    305.83
   30.60    4247.3    311.62
   31.59    4234.0    317.41
   32.59    4220.8    323.20
   33.14    4215.6    326.33
   33.69    4210.4    329.46
   34.41    4205.2    333.56
   35.14    4200.0    337.67
   35.98    4197.5    342.40
   36.82    4195.1    347.12
   37.66    4192.6    351.85
   38.50    4190.1    356.58
   39.34    4192.6    361.31
   40.18    4195.1    366.04
   41.02    4197.5    370.77
   41.86    4200.0    375.50
   42.59    4205.2    379.60
   43.31    4210.4    383.71
   43.86    4215.6    386.84
   44.41    4220.8    389.97
   45.41    4234.0    395.75
   46.40    4247.3    401.54
   47.40    4260.5    407.33
   48.12    4273.7    411.62
   48.85    4286.8    415.92
   49.57    4300.0    420.21
   50.38    4317.9    425.16
   51.19    4335.9    430.11
   51.90    4353.7    434.50
   52.60    4371.6    438.89
   52.87    4378.9    440.60
   53.61    4400.0    445.34
   54.26    4419.8    449.54
   54.90    4439.7    453.73
   55.05    4444.7    454.75
   55.64    4464.7    458.66
   56.22    4484.7    462.58
   56.64    4500.0    465.45
   57.29    4524.3    469.90
   57.79    4544.0    473.40
   58.27    4563.5    476.80
   59.12    4600.0    482.97
   59.18    4602.4    483.37
   59.61    4621.6    486.52
   60.02    4640.8    489.61
   60.81    4678.8    495.60
   61.24    4700.0    498.87
   61.56    4716.4    501.36
   62.25    4753.5    506.90
   62.62    4774.0    509.90
   62.99    4794.4    512.85
   63.08    4800.0    513.66
   63.67    4834.5    518.56
   63.98    4853.4    521.22
   64.29    4872.3    523.83
   64.72    4900.0    527.64
   64.87    4909.6    528.95
   65.18    4930.1    531.73
   65.48    4950.6    534.47
   66.07    4991.1    539.86
   66.19    5000.0    541.02
   66.59    5028.8    544.78
   67.09    5066.1    549.59
   67.42    5091.5    552.85
   67.53    5100.0    553.93
   67.58    5104.1    554.45
   67.66    5110.3    555.24
   67.70    5113.5    555.63
   67.72    5115.0    555.83
   67.74    5116.6    556.03
   68.11    5146.9    559.84
   68.47    5176.9    563.61
   68.74    5200.0    566.47
   68.98    5220.2    568.97
   69.20    5240.3    571.44
   69.54    5270.3    575.11
   69.86    5300.0    578.73
   70.11    5324.1    581.65
   70.24    5336.1    583.10
   70.36    5348.1    584.54
   70.49    5361.1    586.11
   70.62    5374.1    587.67
   70.75    5387.1    589.22
   70.88    5400.0    590.77
   70.97    5409.5    591.89
   71.02    5414.2    592.46
   71.07    5418.9    593.02
   71.11    5423.6    593.58
   71.16    5428.3    594.14
   71.20    5433.0    594.70
   71.22    5435.3    594.97
   71.23    5436.5    595.11
   71.25    5437.6    595.25
   71.34    5447.9    596.47
   71.41    5454.7    597.28
   71.62    5477.4    599.97
   71.83    5500.0    602.64
   71.91    5509.5    603.76
   72.00    5519.0    604.88
   72.17    5537.9    607.10
   72.22    5544.0    607.82
   72.27    5550.0    608.53
   72.38    5562.1    609.95
   72.54    5581.1    612.18
   72.70    5600.0    614.39
   72.89    5623.1    617.09
   73.11    5650.0    620.24
   73.29    5672.2    622.84
   73.38    5683.3    624.13
   73.46    5694.2    625.41
   73.49    5697.6    625.81
   73.51    5701.0    626.20
   73.64    5718.5    628.30
   73.76    5736.0    630.39
   73.79    5740.7    630.94
   73.83    5745.3    631.50
   73.91    5758.2    633.04
   73.96    5764.6    633.80
   74.00    5771.0    634.57
   74.12    5787.7    636.57
   74.22    5804.2    638.54
   74.28    5812.3    639.52
   74.33    5820.4    640.49
   74.33    5821.0    640.57
   74.42    5834.8    642.23
   74.51    5848.3    643.88
   74.55    5855.1    644.69
   74.59    5861.7    645.50
   74.65    5871.0    646.64
   74.77    5891.1    649.10
   74.86    5906.2    650.95
   74.94    5921.0    652.78
   74.97    5926.9    653.51
   75.01    5932.7    654.24
   75.02    5935.6    654.59
   75.12    5953.5    656.82
   75.17    5962.3    657.93
   75.22    5971.0    659.02
   75.29    5984.5    660.75
   75.38    6001.4    662.92
   75.45    6016.0    664.79
   75.56    6037.7    667.59
   75.67    6059.2    670.36
   75.67    6060.1    670.48
   75.68    6061.0    670.59
   75.77    6080.5    673.11
   75.84    6093.3    674.77
   75.90    6106.0    676.43
   75.92    6111.6    677.15
   75.95    6117.1    677.87
   76.00    6128.2    679.31
   76.02    6130.6    679.63
   76.03    6133.1    679.95
   76.07    6142.1    681.12
   76.09    6146.5    681.71
   76.10    6148.8    682.00
   76.11    6151.0    682.29
   76.19    6168.5    684.69
   76.26    6186.0    687.10
   76.33    6203.5    689.50
   76.41    6221.0    691.90
   76.48    6238.5    694.29
   76.52    6247.2    695.48
   76.55    6256.0    696.68
   76.58    6263.3    697.67
   76.59    6264.0    697.77
   76.64    6277.5    699.61
   76.70    6291.0    701.45
   76.74    6301.0    702.80
   76.78    6311.0    704.16
   76.80    6316.0    704.84
   76.82    6321.0    705.52
   76.84    6326.0    706.20
   76.86    6331.0    706.87
   76.88    6334.9    707.40
   76.90    6338.8    707.93
   76.91    6342.7    708.46
   76.92    6344.6    708.72
   76.93    6346.6    708.99
   76.93    6346.9    709.03
   76.94    6351.4    709.74
   76.95    6353.7    710.10
   76.95    6354.9    710.28
   76.96    6356.0    710.46
   76.98    6363.5    711.81
   76.99    6367.3    712.49
   76.99    6369.1    712.82
   77.00    6370.1    712.99
   77.00    6371.0    713.16
