    0.00    6371.0      0.00
    0.00    6370.1      0.18
    0.01    6369.1      0.35
    0.01    6367.3      0.71
    0.03    6363.5      1.41
    0.06    6356.0      2.82
    0.06    6354.9      3.01
    0.07    6353.7      3.20
    0.08    6351.4      3.58
    0.10    6346.9      4.34
    0.10    6346.6      4.39
    0.12    6344.6      4.68
    0.13    6342.7      4.97
    0.15    6338.8      5.55
    0.18    6334.9      6.13
    0.20    6331.0      6.71
    0.23    6326.0      7.46
    0.26    6321.0      8.21
    0.29    6316.0      8.95
    0.32    6311.0      9.70
    0.38    6301.0     11.20
    0.45    6291.0     12.69
    0.53    6277.5     14.72
    0.62    6264.0     16.74
    0.62    6263.3     16.86
    0.67    6256.0     17.95
    0.72    6247.2     19.27
    0.78    6238.5     20.59
    0.89    6221.0     23.23
    1.00    6203.5     25.88
    1.11    6186.0     28.53
    1.22    6168.5     31.19
    1.33    6151.0     33.85
    1.35    6148.8     34.18
    1.37    6146.5     34.51
    1.40    6142.1     35.16
    1.46    6133.1     36.49
    1.48    6130.6     36.85
    1.50    6128.2     37.22
    1.58    6117.1     38.85
    1.62    6111.6     39.67
    1.66    6106.0     40.49
    1.76    6093.3     42.37
    1.86    6080.5     44.26
    2.00    6061.0     47.14
    2.01    6060.1     47.27
    2.02    6059.2     47.41
    2.19    6037.7     50.58
    2.36    6016.0     53.79
    2.47    6001.4     55.95
    2.61    5984.5     58.47
    2.72    5971.0     60.47
    2.80    5962.3     61.76
    2.88    5953.5     63.06
    3.04    5935.6     65.71
    3.07    5932.7     66.13
    3.12    5926.9     67.00
    3.18    5921.0     67.87
    3.32    5906.2     70.07
    3.46    5891.1     72.31
    3.66    5871.0     75.31
    3.76    5861.7     76.70
    3.83    5855.1     77.70
    3.90    5848.3     78.71
    4.04    5834.8     80.76
    4.19    5821.0     82.84
    4.20    5820.4     82.94
    4.29    5812.3     84.16
    4.38    5804.2     85.40
    4.57    5787.7     87.93
    4.77    5771.0     90.51
    4.85    5764.6     91.50
    4.93    5758.2     92.50
    5.09    5745.3     94.51
    5.14    5740.7     95.24
    5.20    5736.0     95.97
    5.42    5718.5     98.72
    5.65    5701.0    101.50
    5.70    5697.6    102.06
    5.75    5694.2    102.62
    5.91    5683.3    104.46
    6.08    5672.2    106.31
    6.44    5650.0    110.12
    6.88    5623.1    114.83
    7.29    5600.0    118.96
    7.63    5581.1    122.42
    7.98    5562.1    125.95
    8.21    5550.0    128.24
    8.33    5544.0    129.40
    8.45    5537.9    130.57
    8.83    5519.0    134.25
    9.03    5509.5    136.13
    9.22    5500.0    138.04
    9.71    5477.4    142.65
   10.23    5454.7    147.44
   10.39    5447.9    148.90
   10.63    5437.6    151.14
   10.66    5436.5    151.40
   10.69    5435.3    151.66
   10.75    5433.0    152.17
   10.86    5428.3    153.22
   10.98    5423.6    154.27
   11.09    5418.9    155.33
   11.21    5414.2    156.40
   11.33    5409.5    157.49
   11.58    5400.0    159.69
   11.93    5387.1    162.76
   12.29    5374.1    165.92
   12.66    5361.1    169.19
   13.05    5348.1    172.57
   13.43    5336.1    175.76
   13.82    5324.1    179.07
   14.65    5300.0    186.11
   15.23    5285.1    190.90
   15.81    5270.3    195.69
   16.50    5255.3    201.25
   17.19    5240.3    206.82
   17.74    5230.3    211.23
   18.30    5220.2    215.65
   18.99    5210.1    221.08
   19.68    5200.0    226.52
   20.50    5192.3    232.83
   21.31    5184.6    239.15
   22.13    5176.9    245.47
   22.92    5174.5    251.54
   23.71    5172.1    257.60
   24.50    5169.6    263.67
   25.29    5172.1    269.73
   26.08    5174.5    275.80
   26.87    5176.9    281.87
   27.69    5184.6    288.18
   28.50    5192.3    294.50
   29.32    5200.0    300.82
   30.01    5210.1    306.25
   30.70    5220.2    311.69
   31.26    5230.3    316.10
   31.81    5240.3    320.51
   32.50    5255.3    326.08
   33.19    5270.3    331.65
   33.77    5285.1    336.44
   34.35    5300.0    341.22
   35.18    5324.1    348.26
   35.57    5336.1    351.57
   35.95    5348.1    354.77
   36.34    5361.1    358.15
   36.71    5374.1    361.41
   37.07    5387.1    364.58
   37.42    5400.0    367.65
   37.67    5409.5    369.85
   37.79    5414.2    370.93
   37.91    5418.9    372.00
   38.02    5423.6    373.07
   38.14    5428.3    374.12
   38.25    5433.0    375.16
   38.31    5435.3    375.68
   38.34    5436.5    375.94
   38.37    5437.6    376.20
   38.61    5447.9    378.44
   38.77    5454.7    379.90
   39.29    5477.4    384.69
   39.78    5500.0    389.30
   39.97    5509.5    391.20
   40.17    5519.0    393.08
   40.55    5537.9    396.76
   40.67    5544.0    397.93
   40.79    5550.0    399.09
   41.02    5562.1    401.38
   41.37    5581.1    404.92
   41.71    5600.0    408.37
   42.12    5623.1    412.50
   42.56    5650.0    417.22
   42.92    5672.2    421.02
   43.09    5683.3    422.88
   43.25    5694.2    424.71
   43.30    5697.6    425.28
   43.35    5701.0    425.84
   43.58    5718.5    428.62
   43.80    5736.0    431.37
   43.86    5740.7    432.10
   43.91    5745.3    432.83
   44.07    5758.2    434.83
   44.15    5764.6    435.83
   44.23    5771.0    436.83
   44.43    5787.7    439.41
   44.62    5804.2    441.93
   44.71    5812.3    443.17
   44.80    5820.4    444.40
   44.81    5821.0    444.49
   44.96    5834.8    446.58
   45.10    5848.3    448.62
   45.17    5855.1    449.63
   45.24    5861.7    450.63
   45.34    5871.0    452.02
   45.54    5891.1    455.03
   45.68    5906.2    457.27
   45.82    5921.0    459.47
   45.88    5926.9    460.34
   45.93    5932.7    461.20
   45.96    5935.6    461.63
   46.12    5953.5    464.28
   46.20    5962.3    465.58
   46.28    5971.0    466.87
   46.39    5984.5    468.87
   46.53    6001.4    471.39
   46.64    6016.0    473.54
   46.81    6037.7    476.75
   46.98    6059.2    479.93
   46.99    6060.1    480.07
   47.00    6061.0    480.20
   47.14    6080.5    483.08
   47.24    6093.3    484.97
   47.34    6106.0    486.85
   47.38    6111.6    487.67
   47.42    6117.1    488.49
   47.50    6128.2    490.12
   47.52    6130.6    490.48
   47.54    6133.1    490.85
   47.60    6142.1    492.17
   47.63    6146.5    492.83
   47.65    6148.8    493.16
   47.67    6151.0    493.49
   47.78    6168.5    496.15
   47.89    6186.0    498.81
   48.00    6203.5    501.46
   48.11    6221.0    504.11
   48.22    6238.5    506.75
   48.28    6247.2    508.07
   48.33    6256.0    509.39
   48.38    6263.3    510.48
   48.38    6264.0    510.59
   48.47    6277.5    512.62
   48.55    6291.0    514.64
   48.62    6301.0    516.14
   48.68    6311.0    517.64
   48.71    6316.0    518.38
   48.74    6321.0    519.13
   48.77    6326.0    519.88
   48.80    6331.0    520.62
   48.82    6334.9    521.20
   48.85    6338.8    521.79
   48.87    6342.7    522.37
   48.88    6344.6    522.66
   48.90    6346.6    522.95
   48.90    6346.9    523.00
   48.92    6351.4    523.75
   48.93    6353.7    524.13
   48.94    6354.9    524.32
   48.94    6356.0    524.51
   48.97    6363.5    525.93
   48.99    6367.3    526.63
   48.99    6369.1    526.98
   49.00    6370.1    527.16
   49.00    6371.0    527.34
