    0.00    6371.0      0.00
    0.00    6370.1      0.17
    0.01    6369.1      0.34
    0.01    6367.3      0.68
    0.02    6363.5      1.36
    0.04    6356.0      2.71
    0.05    6354.9      2.89
    0.05    6353.7      3.07
    0.06    6351.4      3.43
    0.07    6346.9      4.15
    0.07    6346.6      4.19
    0.08    6344.6      4.46
    0.09    6342.7      4.72
    0.11    6338.8      5.25
    0.12    6334.9      5.78
    0.14    6331.0      6.31
    0.16    6326.0      6.99
    0.18    6321.0      7.68
    0.20    6316.0      8.36
    0.22    6311.0      9.04
    0.27    6301.0     10.40
    0.31    6291.0     11.77
    0.37    6277.5     13.62
    0.43    6264.0     15.46
    0.43    6263.3     15.57
    0.46    6256.0     16.56
    0.50    6247.2     17.77
    0.54    6238.5     18.97
    0.61    6221.0     21.37
    0.69    6203.5     23.78
    0.76    6186.0     26.19
    0.84    6168.5     28.62
    0.92    6151.0     31.04
    0.93    6148.8     31.33
    0.94    6146.5     31.62
    0.96    6142.1     32.21
    1.00    6133.1     33.39
    1.02    6130.6     33.71
    1.03    6128.2     34.03
    1.08    6117.1     35.48
    1.11    6111.6     36.21
    1.14    6106.0     36.94
    1.20    6093.3     38.60
    1.27    6080.5     40.28
    1.36    6061.0     42.81
    1.37    6060.1     42.93
    1.37    6059.2     43.05
    1.48    6037.7     45.84
    1.60    6016.0     48.66
    1.67    6001.4     50.54
    1.77    5984.5     52.73
    1.84    5971.0     54.47
    1.89    5962.3     55.58
    1.94    5953.5     56.69
    2.04    5935.6     58.94
    2.06    5932.7     59.30
    2.09    5926.9     60.03
    2.13    5921.0     60.77
    2.22    5906.2     62.62
    2.31    5891.1     64.49
    2.43    5871.0     66.98
    2.49    5861.7     68.12
    2.53    5855.1     68.94
    2.58    5848.3     69.77
    2.67    5834.8     71.43
    2.76    5821.0     73.11
    2.76    5820.4     73.19
    2.82    5812.3     74.17
    2.87    5804.2     75.16
    2.98    5787.7     77.16
    3.10    5771.0     79.19
    3.15    5764.6     79.96
    3.19    5758.2     80.74
    3.29    5745.3     82.29
    3.32    5740.7     82.86
    3.35    5736.0     83.42
    3.48    5718.5     85.53
    3.61    5701.0     87.66
    3.64    5697.6     88.06
    3.66    5694.2     88.47
    3.75    5683.3     89.77
    3.84    5672.2     91.08
    4.03    5650.0     93.72
    4.26    5623.1     96.93
    4.46    5600.0     99.68
    4.62    5581.1    101.93
    4.80    5562.1    104.20
    4.91    5550.0    105.65
    4.96    5544.0    106.37
    5.02    5537.9    107.10
    5.19    5519.0    109.37
    5.28    5509.5    110.51
    5.37    5500.0    111.66
    5.59    5477.4    114.38
    5.81    5454.7    117.14
    5.88    5447.9    117.96
    5.98    5437.6    119.21
    5.99    5436.5    119.35
    6.01    5435.3    119.49
    6.03    5433.0    119.78
    6.08    5428.3    120.35
    6.12    5423.6    120.92
    6.17    5418.9    121.49
    6.22    5414.2    122.07
    6.27    5409.5    122.64
    6.37    5400.0    123.80
    6.50    5387.1    125.38
    6.64    5374.1    126.97
    6.77    5361.1    128.57
    6.91    5348.1    130.18
    7.04    5336.1    131.66
    7.18    5324.1    133.14
    7.44    5300.0    136.14
    7.78    5270.3    139.86
    8.13    5240.3    143.63
    8.37    5220.2    146.18
    8.62    5200.0    148.76
    8.91    5176.9    151.71
    9.29    5146.9    155.59
    9.69    5116.6    159.54
    9.71    5115.0    159.75
    9.73    5113.5    159.95
    9.77    5110.3    160.36
    9.85    5104.1    161.17
    9.91    5100.0    161.72
   10.02    5091.5    162.84
   10.38    5066.1    166.21
   10.91    5028.8    171.21
   11.33    5000.0    175.13
   11.46    4991.1    176.34
   12.09    4950.6    181.96
   12.42    4930.1    184.84
   12.75    4909.6    187.75
   12.91    4900.0    189.12
   13.38    4872.3    193.13
   13.71    4853.4    195.89
   14.05    4834.5    198.69
   14.69    4800.0    203.88
   14.79    4794.4    204.74
   15.19    4774.0    207.88
   15.59    4753.5    211.09
   16.36    4716.4    217.02
   16.71    4700.0    219.70
   17.18    4678.8    223.22
   18.06    4640.8    229.74
   18.53    4621.6    233.11
   19.01    4602.4    236.57
   19.08    4600.0    237.02
   20.05    4563.5    243.86
   20.60    4544.0    247.67
   21.18    4524.3    251.62
   21.94    4500.0    256.70
   22.43    4484.7    260.01
   23.14    4464.7    264.62
   23.85    4444.7    269.23
   24.03    4439.7    270.44
   24.85    4419.8    275.59
   25.66    4400.0    280.73
   26.63    4378.9    286.80
   27.00    4371.6    289.04
   27.67    4359.7    293.11
   28.33    4347.8    297.17
   29.00    4335.9    301.24
   29.92    4323.9    306.66
   30.83    4312.0    312.08
   31.74    4300.0    317.50
   32.70    4295.0    323.06
   33.66    4290.0    328.63
   34.62    4285.0    334.20
   35.58    4280.0    339.76
   36.54    4275.0    345.33
   37.50    4270.0    350.89
   38.46    4275.0    356.46
   39.42    4280.0    362.03
   40.38    4285.0    367.59
   41.34    4290.0    373.16
   42.30    4295.0    378.72
   43.26    4300.0    384.29
   44.17    4312.0    389.71
   45.08    4323.9    395.13
   46.00    4335.9    400.55
   46.67    4347.8    404.62
   47.34    4359.7    408.68
   48.00    4371.6    412.74
   48.37    4378.9    414.99
   49.34    4400.0    421.05
   50.15    4419.8    426.20
   50.97    4439.7    431.35
   51.15    4444.7    432.56
   51.86    4464.7    437.17
   52.57    4484.7    441.78
   53.06    4500.0    445.08
   53.82    4524.3    450.17
   54.40    4544.0    454.12
   54.95    4563.5    457.93
   55.92    4600.0    464.77
   55.99    4602.4    465.21
   56.47    4621.6    468.68
   56.94    4640.8    472.05
   57.82    4678.8    478.56
   58.29    4700.0    482.09
   58.64    4716.4    484.77
   59.41    4753.5    490.70
   59.81    4774.0    493.90
   60.21    4794.4    497.04
   60.31    4800.0    497.90
   60.95    4834.5    503.10
   61.29    4853.4    505.90
   61.62    4872.3    508.66
   62.09    4900.0    512.67
   62.25    4909.6    514.04
   62.58    4930.1    516.95
   62.91    4950.6    519.82
   63.54    4991.1    525.45
   63.67    5000.0    526.66
   64.09    5028.8    530.58
   64.62    5066.1    535.57
   64.98    5091.5    538.95
   65.09    5100.0    540.07
   65.15    5104.1    540.61
   65.23    5110.3    541.43
   65.27    5113.5    541.84
   65.29    5115.0    542.04
   65.31    5116.6    542.24
   65.71    5146.9    546.19
   66.09    5176.9    550.08
   66.38    5200.0    553.03
   66.63    5220.2    555.61
   66.87    5240.3    558.16
   67.22    5270.3    561.93
   67.56    5300.0    565.65
   67.82    5324.1    568.64
   67.96    5336.1    570.13
   68.09    5348.1    571.61
   68.23    5361.1    573.22
   68.36    5374.1    574.82
   68.50    5387.1    576.41
   68.63    5400.0    577.99
   68.73    5409.5    579.15
   68.78    5414.2    579.72
   68.83    5418.9    580.30
   68.88    5423.6    580.87
   68.92    5428.3    581.44
   68.97    5433.0    582.01
   68.99    5435.3    582.30
   69.01    5436.5    582.44
   69.02    5437.6    582.58
   69.12    5447.9    583.83
   69.19    5454.7    584.65
   69.41    5477.4    587.40
   69.63    5500.0    590.13
   69.72    5509.5    591.27
   69.81    5519.0    592.42
   69.98    5537.9    594.68
   70.04    5544.0    595.41
   70.09    5550.0    596.14
   70.20    5562.1    597.59
   70.38    5581.1    599.86
   70.54    5600.0    602.11
   70.74    5623.1    604.86
   70.97    5650.0    608.06
   71.16    5672.2    610.71
   71.25    5683.3    612.02
   71.34    5694.2    613.32
   71.36    5697.6    613.73
   71.39    5701.0    614.13
   71.52    5718.5    616.25
   71.65    5736.0    618.37
   71.68    5740.7    618.93
   71.71    5745.3    619.49
   71.81    5758.2    621.05
   71.85    5764.6    621.83
   71.90    5771.0    622.60
   72.02    5787.7    624.63
   72.13    5804.2    626.63
   72.18    5812.3    627.62
   72.24    5820.4    628.60
   72.24    5821.0    628.68
   72.33    5834.8    630.36
   72.42    5848.3    632.02
   72.47    5855.1    632.85
   72.51    5861.7    633.67
   72.57    5871.0    634.81
   72.69    5891.1    637.30
   72.78    5906.2    639.17
   72.87    5921.0    641.02
   72.91    5926.9    641.75
   72.94    5932.7    642.49
   72.96    5935.6    642.84
   73.06    5953.5    645.10
   73.11    5962.3    646.21
   73.16    5971.0    647.31
   73.23    5984.5    649.05
   73.33    6001.4    651.25
   73.40    6016.0    653.13
   73.52    6037.7    655.95
   73.63    6059.2    658.74
   73.63    6060.1    658.86
   73.64    6061.0    658.98
   73.73    6080.5    661.51
   73.80    6093.3    663.18
   73.86    6106.0    664.85
   73.89    6111.6    665.58
   73.92    6117.1    666.30
   73.97    6128.2    667.75
   73.98    6130.6    668.08
   74.00    6133.1    668.40
   74.04    6142.1    669.58
   74.06    6146.5    670.17
   74.07    6148.8    670.46
   74.08    6151.0    670.75
   74.16    6168.5    673.17
   74.24    6186.0    675.59
   74.31    6203.5    678.00
   74.39    6221.0    680.42
   74.46    6238.5    682.82
   74.50    6247.2    684.02
   74.54    6256.0    685.23
   74.57    6263.3    686.22
   74.57    6264.0    686.33
   74.63    6277.5    688.17
   74.69    6291.0    690.02
   74.73    6301.0    691.38
   74.78    6311.0    692.75
   74.80    6316.0    693.43
   74.82    6321.0    694.11
   74.84    6326.0    694.79
   74.86    6331.0    695.48
   74.88    6334.9    696.01
   74.89    6338.8    696.54
   74.91    6342.7    697.07
   74.92    6344.6    697.33
   74.93    6346.6    697.60
   74.93    6346.9    697.64
   74.94    6351.4    698.36
   74.95    6353.7    698.72
   74.95    6354.9    698.90
   74.96    6356.0    699.08
   74.98    6363.5    700.43
   74.99    6367.3    701.11
   74.99    6369.1    701.45
   75.00    6370.1    701.62
   75.00    6371.0    701.79
