    0.00    6370.1      0.18
    0.01    6369.1      0.36
    0.02    6367.3      0.73
    0.04    6363.5      1.46
    0.07    6356.0      2.91
    0.08    6354.9      3.11
    0.08    6353.7      3.31
    0.10    6351.4      3.71
    0.12    6346.9      4.51
    0.12    6346.6      4.56
    0.14    6344.6      4.87
    0.15    6342.7      5.19
    0.18    6338.8      5.82
    0.21    6334.9      6.45
    0.24    6331.0      7.08
    0.28    6326.0      7.89
    0.32    6321.0      8.70
    0.36    6316.0      9.51
    0.40    6311.0     10.32
    0.48    6301.0     11.95
    0.55    6291.0     13.57
    0.66    6277.5     15.77
    0.76    6264.0     17.97
    0.77    6263.3     18.10
    0.83    6256.0     19.28
    0.90    6247.2     20.72
    0.96    6238.5     22.15
    1.10    6221.0     25.02
    1.24    6203.5     27.90
    1.38    6186.0     30.79
    1.52    6168.5     33.68
    1.66    6151.0     36.58
    1.69    6148.8     36.95
    1.71    6146.5     37.31
    1.75    6142.1     38.05
    1.83    6133.1     39.53
    1.85    6130.6     39.93
    1.88    6128.2     40.34
    1.98    6117.1     42.17
    2.04    6111.6     43.09
    2.09    6106.0     44.01
    2.21    6093.3     46.12
    2.34    6080.5     48.25
    2.53    6061.0     51.49
    2.54    6060.1     51.65
    2.55    6059.2     51.80
    2.77    6037.7     55.40
    2.99    6016.0     59.05
    3.15    6001.4     61.52
    3.33    5984.5     64.40
    3.48    5971.0     66.70
    3.58    5962.3     68.21
    3.69    5953.5     69.74
    3.91    5935.6     72.88
    3.94    5932.7     73.38
    4.02    5926.9     74.42
    4.09    5921.0     75.46
    4.29    5906.2     78.12
    4.49    5891.1     80.85
    4.78    5871.0     84.56
    4.92    5861.7     86.30
    5.02    5855.1     87.55
    5.12    5848.3     88.83
    5.33    5834.8     91.44
    5.56    5821.0     94.14
    5.57    5820.4     94.26
    5.70    5812.3     95.87
    5.84    5804.2     97.51
    6.14    5787.7    100.90
    6.45    5771.0    104.45
    6.58    5764.6    105.84
    6.70    5758.2    107.24
    6.96    5745.3    110.07
    7.06    5740.7    111.11
    7.15    5736.0    112.16
    7.52    5718.5    116.12
    7.90    5701.0    120.20
    8.01    5697.6    121.26
    8.12    5694.2    122.33
    8.49    5683.3    125.91
    8.89    5672.2    129.72
    9.82    5650.0    138.35
   10.55    5636.5    145.02
   11.28    5623.1    151.70
   12.07    5615.4    158.78
   12.87    5607.7    165.87
   13.66    5600.0    172.95
   14.33    5598.5    178.88
   15.00    5597.1    184.81
   15.67    5598.5    190.74
   16.35    5600.0    196.67
   17.14    5607.7    203.76
   17.93    5615.4    210.84
   18.73    5623.1    217.93
   19.46    5636.5    224.60
   20.19    5650.0    231.28
   21.11    5672.2    239.90
   21.51    5683.3    243.72
   21.89    5694.2    247.30
   22.00    5697.6    248.37
   22.11    5701.0    249.42
   22.49    5718.5    253.50
   22.85    5736.0    257.47
   22.95    5740.7    258.52
   23.05    5745.3    259.56
   23.30    5758.2    262.39
   23.43    5764.6    263.79
   23.55    5771.0    265.18
   23.87    5787.7    268.73
   24.16    5804.2    272.12
   24.30    5812.3    273.76
   24.44    5820.4    275.36
   24.45    5821.0    275.48
   24.67    5834.8    278.18
   24.89    5848.3    280.80
   24.99    5855.1    282.07
   25.09    5861.7    283.33
   25.22    5871.0    285.07
   25.51    5891.1    288.78
   25.72    5906.2    291.51
   25.91    5921.0    294.16
   25.99    5926.9    295.21
   26.06    5932.7    296.24
   26.10    5935.6    296.75
   26.32    5953.5    299.89
   26.42    5962.3    301.42
   26.53    5971.0    302.93
   26.68    5984.5    305.23
   26.86    6001.4    308.11
   27.01    6016.0    310.57
   27.24    6037.7    314.23
   27.46    6059.2    317.83
   27.47    6060.1    317.98
   27.47    6061.0    318.13
   27.67    6080.5    321.38
   27.79    6093.3    323.51
   27.92    6106.0    325.62
   27.97    6111.6    326.54
   28.02    6117.1    327.46
   28.13    6128.2    329.29
   28.15    6130.6    329.69
   28.17    6133.1    330.10
   28.26    6142.1    331.58
   28.30    6146.5    332.31
   28.32    6148.8    332.68
   28.34    6151.0    333.05
   28.48    6168.5    335.94
   28.62    6186.0    338.84
   28.76    6203.5    341.72
   28.90    6221.0    344.61
   29.04    6238.5    347.47
   29.11    6247.2    348.91
   29.18    6256.0    350.34
   29.24    6263.3    351.53
   29.24    6264.0    351.65
   29.35    6277.5    353.85
   29.45    6291.0    356.05
   29.53    6301.0    357.68
   29.61    6311.0    359.30
   29.65    6316.0    360.11
   29.68    6321.0    360.93
   29.72    6326.0    361.74
   29.76    6331.0    362.55
   29.79    6334.9    363.18
   29.82    6338.8    363.81
   29.85    6342.7    364.44
   29.87    6344.6    364.75
   29.88    6346.6    365.07
   29.88    6346.9    365.12
   29.91    6351.4    365.92
   29.92    6353.7    366.31
   29.93    6354.9    366.51
   29.94    6356.0    366.71
   29.97    6363.5    368.17
   29.99    6367.3    368.90
   30.00    6369.1    369.26
   30.00    6370.1    369.44
   30.01    6371.0    369.63
