    0.00    6371.0      0.00
    0.00    6370.1      0.17
    0.01    6369.1      0.35
    0.01    6367.3      0.70
    0.03    6363.5      1.40
    0.06    6356.0      2.80
    0.06    6354.9      2.98
    0.07    6353.7      3.17
    0.08    6351.4      3.55
    0.10    6346.9      4.30
    0.10    6346.6      4.34
    0.11    6344.6      4.63
    0.12    6342.7      4.91
    0.14    6338.8      5.48
    0.16    6334.9      6.05
    0.19    6331.0      6.62
    0.22    6326.0      7.35
    0.24    6321.0      8.08
    0.27    6316.0      8.81
    0.30    6311.0      9.54
    0.36    6301.0     11.01
    0.42    6291.0     12.47
    0.50    6277.5     14.46
    0.57    6264.0     16.44
    0.58    6263.3     16.55
    0.62    6256.0     17.62
    0.67    6247.2     18.91
    0.72    6238.5     20.20
    0.83    6221.0     22.78
    0.93    6203.5     25.37
    1.03    6186.0     27.97
    1.14    6168.5     30.57
    1.24    6151.0     33.17
    1.26    6148.8     33.49
    1.27    6146.5     33.81
    1.30    6142.1     34.45
    1.36    6133.1     35.74
    1.38    6130.6     36.09
    1.40    6128.2     36.45
    1.47    6117.1     38.03
    1.51    6111.6     38.83
    1.55    6106.0     39.63
    1.64    6093.3     41.45
    1.73    6080.5     43.29
    1.86    6061.0     46.08
    1.87    6060.1     46.21
    1.88    6059.2     46.34
    2.03    6037.7     49.42
    2.19    6016.0     52.53
    2.30    6001.4     54.62
    2.42    5984.5     57.06
    2.53    5971.0     58.99
    2.60    5962.3     60.23
    2.67    5953.5     61.49
    2.82    5935.6     64.03
    2.84    5932.7     64.44
    2.89    5926.9     65.27
    2.94    5921.0     66.10
    3.07    5906.2     68.21
    3.20    5891.1     70.35
    3.38    5871.0     73.22
    3.47    5861.7     74.54
    3.53    5855.1     75.49
    3.60    5848.3     76.45
    3.73    5834.8     78.39
    3.86    5821.0     80.37
    3.87    5820.4     80.45
    3.95    5812.3     81.61
    4.03    5804.2     82.78
    4.20    5787.7     85.15
    4.38    5771.0     87.58
    4.45    5764.6     88.51
    4.52    5758.2     89.44
    4.66    5745.3     91.32
    4.71    5740.7     92.00
    4.76    5736.0     92.69
    4.96    5718.5     95.25
    5.16    5701.0     97.84
    5.20    5697.6     98.35
    5.24    5694.2     98.86
    5.39    5683.3    100.52
    5.53    5672.2    102.21
    5.84    5650.0    105.64
    6.22    5623.1    109.85
    6.56    5600.0    113.51
    6.84    5581.1    116.55
    7.14    5562.1    119.64
    7.33    5550.0    121.62
    7.43    5544.0    122.63
    7.52    5537.9    123.64
    7.83    5519.0    126.80
    7.99    5509.5    128.41
    8.15    5500.0    130.03
    8.55    5477.4    133.92
    8.95    5454.7    137.91
    9.08    5447.9    139.11
    9.27    5437.6    140.95
    9.29    5436.5    141.16
    9.31    5435.3    141.38
    9.36    5433.0    141.80
    9.45    5428.3    142.65
    9.54    5423.6    143.50
    9.63    5418.9    144.36
    9.72    5414.2    145.23
    9.81    5409.5    146.10
   10.00    5400.0    147.85
   10.26    5387.1    150.28
   10.53    5374.1    152.75
   10.80    5361.1    155.26
   11.08    5348.1    157.83
   11.35    5336.1    160.21
   11.62    5324.1    162.64
   12.19    5300.0    167.64
   12.93    5270.3    174.06
   13.73    5240.3    180.86
   14.30    5220.2    185.66
   14.91    5200.0    190.69
   15.66    5176.9    196.75
   16.19    5161.9    201.02
   16.72    5146.9    205.28
   17.33    5131.7    210.06
   17.94    5116.6    214.84
   18.00    5115.0    215.36
   18.07    5113.5    215.89
   18.21    5110.3    216.96
   18.49    5104.1    219.15
   18.69    5100.0    220.64
   19.10    5091.5    223.82
   19.81    5078.8    229.18
   20.51    5066.1    234.54
   21.27    5056.7    240.17
   22.03    5047.4    245.80
   22.78    5038.1    251.43
   23.54    5028.8    257.06
   24.41    5025.2    263.39
   25.27    5021.5    269.71
   26.14    5017.9    276.03
   27.00    5014.2    282.36
   27.86    5017.9    288.68
   28.73    5021.5    295.00
   29.59    5025.2    301.33
   30.46    5028.8    307.65
   31.22    5038.1    313.28
   31.97    5047.4    318.91
   32.73    5056.7    324.54
   33.49    5066.1    330.17
   34.19    5078.8    335.53
   34.90    5091.5    340.89
   35.31    5100.0    344.07
   35.51    5104.1    345.56
   35.79    5110.3    347.75
   35.93    5113.5    348.82
   36.00    5115.0    349.35
   36.06    5116.6    349.87
   36.67    5131.7    354.65
   37.28    5146.9    359.43
   37.81    5161.9    363.70
   38.34    5176.9    367.96
   39.09    5200.0    374.02
   39.70    5220.2    379.05
   40.27    5240.3    383.85
   41.07    5270.3    390.65
   41.81    5300.0    397.07
   42.38    5324.1    402.08
   42.65    5336.1    404.50
   42.92    5348.1    406.89
   43.20    5361.1    409.45
   43.47    5374.1    411.96
   43.74    5387.1    414.43
   44.00    5400.0    416.86
   44.19    5409.5    418.62
   44.28    5414.2    419.49
   44.37    5418.9    420.35
   44.46    5423.6    421.21
   44.55    5428.3    422.06
   44.64    5433.0    422.91
   44.68    5435.3    423.34
   44.71    5436.5    423.55
   44.73    5437.6    423.76
   44.92    5447.9    425.60
   45.05    5454.7    426.81
   45.45    5477.4    430.79
   45.85    5500.0    434.69
   46.01    5509.5    436.31
   46.17    5519.0    437.91
   46.48    5537.9    441.07
   46.57    5544.0    442.08
   46.67    5550.0    443.09
   46.86    5562.1    445.08
   47.16    5581.1    448.17
   47.44    5600.0    451.20
   47.78    5623.1    454.86
   48.16    5650.0    459.08
   48.47    5672.2    462.50
   48.61    5683.3    464.19
   48.75    5694.2    465.85
   48.80    5697.6    466.36
   48.84    5701.0    466.88
   49.04    5718.5    469.46
   49.24    5736.0    472.03
   49.29    5740.7    472.71
   49.34    5745.3    473.39
   49.48    5758.2    475.27
   49.55    5764.6    476.20
   49.62    5771.0    477.13
   49.80    5787.7    479.56
   49.97    5804.2    481.93
   50.05    5812.3    483.10
   50.13    5820.4    484.26
   50.14    5821.0    484.35
   50.27    5834.8    486.32
   50.40    5848.3    488.26
   50.47    5855.1    489.22
   50.53    5861.7    490.17
   50.62    5871.0    491.50
   50.80    5891.1    494.36
   50.93    5906.2    496.50
   51.06    5921.0    498.61
   51.11    5926.9    499.45
   51.16    5932.7    500.28
   51.18    5935.6    500.68
   51.33    5953.5    503.23
   51.40    5962.3    504.48
   51.47    5971.0    505.72
   51.58    5984.5    507.65
   51.70    6001.4    510.09
   51.81    6016.0    512.18
   51.97    6037.7    515.29
   52.12    6059.2    518.37
   52.13    6060.1    518.50
   52.14    6061.0    518.63
   52.27    6080.5    521.42
   52.36    6093.3    523.26
   52.45    6106.0    525.08
   52.49    6111.6    525.88
   52.53    6117.1    526.68
   52.60    6128.2    528.26
   52.62    6130.6    528.62
   52.64    6133.1    528.97
   52.70    6142.1    530.26
   52.73    6146.5    530.90
   52.74    6148.8    531.22
   52.76    6151.0    531.54
   52.86    6168.5    534.14
   52.97    6186.0    536.75
   53.07    6203.5    539.34
   53.17    6221.0    541.93
   53.28    6238.5    544.51
   53.33    6247.2    545.80
   53.38    6256.0    547.09
   53.42    6263.3    548.16
   53.43    6264.0    548.27
   53.50    6277.5    550.26
   53.58    6291.0    552.24
   53.64    6301.0    553.70
   53.70    6311.0    555.17
   53.73    6316.0    555.90
   53.76    6321.0    556.63
   53.78    6326.0    557.36
   53.81    6331.0    558.09
   53.84    6334.9    558.66
   53.86    6338.8    559.23
   53.88    6342.7    559.80
   53.89    6344.6    560.08
   53.90    6346.6    560.37
   53.90    6346.9    560.42
   53.92    6351.4    561.17
   53.93    6353.7    561.54
   53.94    6354.9    561.73
   53.94    6356.0    561.91
   53.97    6363.5    563.31
   53.99    6367.3    564.01
   53.99    6369.1    564.36
   54.00    6370.1    564.54
   54.00    6371.0    564.71
