    0.00    6371.0      0.00
    0.00    6370.1      0.17
    0.01    6369.1      0.34
    0.01    6367.3      0.68
    0.02    6363.5      1.36
    0.04    6356.0      2.72
    0.05    6354.9      2.89
    0.05    6353.7      3.07
    0.06    6351.4      3.43
    0.07    6346.9      4.15
    0.08    6346.6      4.20
    0.08    6344.6      4.46
    0.09    6342.7      4.73
    0.11    6338.8      5.26
    0.13    6334.9      5.79
    0.14    6331.0      6.32
    0.16    6326.0      7.01
    0.19    6321.0      7.69
    0.21    6316.0      8.38
    0.23    6311.0      9.06
    0.27    6301.0     10.43
    0.31    6291.0     11.80
    0.37    6277.5     13.65
    0.43    6264.0     15.50
    0.44    6263.3     15.60
    0.47    6256.0     16.60
    0.51    6247.2     17.81
    0.54    6238.5     19.01
    0.62    6221.0     21.42
    0.70    6203.5     23.84
    0.78    6186.0     26.26
    0.85    6168.5     28.69
    0.93    6151.0     31.12
    0.94    6148.8     31.41
    0.95    6146.5     31.71
    0.98    6142.1     32.29
    1.02    6133.1     33.48
    1.03    6130.6     33.80
    1.04    6128.2     34.13
    1.10    6117.1     35.58
    1.13    6111.6     36.31
    1.16    6106.0     37.04
    1.22    6093.3     38.71
    1.29    6080.5     40.39
    1.39    6061.0     42.94
    1.39    6060.1     43.05
    1.40    6059.2     43.17
    1.51    6037.7     45.98
    1.62    6016.0     48.80
    1.70    6001.4     50.69
    1.79    5984.5     52.90
    1.87    5971.0     54.64
    1.92    5962.3     55.75
    1.97    5953.5     56.87
    2.07    5935.6     59.13
    2.09    5932.7     59.49
    2.13    5926.9     60.23
    2.16    5921.0     60.97
    2.25    5906.2     62.82
    2.35    5891.1     64.70
    2.47    5871.0     67.21
    2.53    5861.7     68.36
    2.58    5855.1     69.18
    2.62    5848.3     70.01
    2.71    5834.8     71.68
    2.80    5821.0     73.38
    2.81    5820.4     73.45
    2.86    5812.3     74.44
    2.92    5804.2     75.44
    3.03    5787.7     77.45
    3.15    5771.0     79.49
    3.20    5764.6     80.27
    3.25    5758.2     81.05
    3.34    5745.3     82.62
    3.38    5740.7     83.18
    3.41    5736.0     83.75
    3.54    5718.5     85.88
    3.67    5701.0     88.02
    3.70    5697.6     88.43
    3.73    5694.2     88.83
    3.82    5683.3     90.14
    3.91    5672.2     91.47
    4.10    5650.0     94.13
    4.33    5623.1     97.37
    4.54    5600.0    100.14
    4.71    5581.1    102.42
    4.88    5562.1    104.71
    5.00    5550.0    106.17
    5.05    5544.0    106.91
    5.11    5537.9    107.64
    5.29    5519.0    109.94
    5.38    5509.5    111.09
    5.47    5500.0    112.25
    5.70    5477.4    115.00
    5.92    5454.7    117.78
    5.99    5447.9    118.62
    6.10    5437.6    119.88
    6.11    5436.5    120.02
    6.12    5435.3    120.17
    6.15    5433.0    120.45
    6.19    5428.3    121.03
    6.24    5423.6    121.61
    6.29    5418.9    122.19
    6.34    5414.2    122.77
    6.39    5409.5    123.35
    6.49    5400.0    124.52
    6.63    5387.1    126.12
    6.77    5374.1    127.74
    6.91    5361.1    129.36
    7.05    5348.1    130.99
    7.19    5336.1    132.48
    7.32    5324.1    133.99
    7.60    5300.0    137.03
    7.94    5270.3    140.80
    8.31    5240.3    144.63
    8.55    5220.2    147.22
    8.81    5200.0    149.83
    9.10    5176.9    152.84
    9.50    5146.9    156.79
    9.91    5116.6    160.81
    9.93    5115.0    161.01
    9.95    5113.5    161.22
    9.99    5110.3    161.64
   10.08    5104.1    162.47
   10.13    5100.0    163.02
   10.25    5091.5    164.16
   10.62    5066.1    167.61
   11.16    5028.8    172.70
   11.60    5000.0    176.71
   11.74    4991.1    177.95
   12.39    4950.6    183.71
   12.73    4930.1    186.65
   13.08    4909.6    189.64
   13.24    4900.0    191.05
   13.73    4872.3    195.17
   14.08    4853.4    198.00
   14.43    4834.5    200.89
   15.10    4800.0    206.25
   15.21    4794.4    207.14
   15.62    4774.0    210.39
   16.05    4753.5    213.71
   16.85    4716.4    219.87
   17.22    4700.0    222.66
   17.72    4678.8    226.35
   18.66    4640.8    233.18
   19.15    4621.6    236.73
   19.67    4602.4    240.39
   19.74    4600.0    240.86
   20.26    4581.8    244.50
   20.79    4563.5    248.13
   21.38    4544.0    252.22
   22.02    4524.3    256.47
   22.85    4500.0    261.99
   23.40    4484.7    265.61
   24.19    4464.7    270.74
   24.99    4444.7    275.86
   25.21    4439.7    277.23
   26.16    4419.8    283.19
   27.11    4400.0    289.15
   27.71    4389.5    292.83
   28.31    4378.9    296.50
   28.77    4371.6    299.32
   29.70    4359.7    304.92
   30.64    4347.8    310.53
   31.57    4335.9    316.13
   32.47    4331.4    321.44
   33.38    4326.9    326.75
   34.28    4322.4    332.06
   35.19    4317.8    337.37
   36.09    4313.3    342.68
   37.00    4308.8    347.99
   37.91    4313.3    353.31
   38.81    4317.8    358.62
   39.72    4322.4    363.93
   40.62    4326.9    369.24
   41.53    4331.4    374.55
   42.43    4335.9    379.86
   43.36    4347.8    385.46
   44.30    4359.7    391.07
   45.23    4371.6    396.67
   45.69    4378.9    399.49
   46.29    4389.5    403.16
   46.89    4400.0    406.84
   47.84    4419.8    412.80
   48.79    4439.7    418.76
   49.01    4444.7    420.13
   49.81    4464.7    425.25
   50.60    4484.7    430.38
   51.15    4500.0    434.00
   51.98    4524.3    439.52
   52.62    4544.0    443.77
   53.21    4563.5    447.86
   53.74    4581.8    451.49
   54.26    4600.0    455.13
   54.33    4602.4    455.60
   54.85    4621.6    459.26
   55.34    4640.8    462.81
   56.28    4678.8    469.64
   56.78    4700.0    473.33
   57.15    4716.4    476.12
   57.95    4753.5    482.28
   58.38    4774.0    485.60
   58.79    4794.4    488.85
   58.90    4800.0    489.74
   59.57    4834.5    495.10
   59.92    4853.4    497.99
   60.27    4872.3    500.82
   60.76    4900.0    504.94
   60.92    4909.6    506.35
   61.27    4930.1    509.34
   61.61    4950.6    512.28
   62.26    4991.1    518.04
   62.40    5000.0    519.28
   62.84    5028.8    523.29
   63.38    5066.1    528.38
   63.75    5091.5    531.83
   63.87    5100.0    532.97
   63.92    5104.1    533.52
   64.01    5110.3    534.35
   64.05    5113.5    534.77
   64.07    5115.0    534.97
   64.09    5116.6    535.18
   64.50    5146.9    539.20
   64.90    5176.9    543.15
   65.19    5200.0    546.16
   65.45    5220.2    548.77
   65.69    5240.3    551.36
   66.06    5270.3    555.19
   66.40    5300.0    558.96
   66.68    5324.1    562.00
   66.81    5336.1    563.51
   66.95    5348.1    565.00
   67.09    5361.1    566.63
   67.23    5374.1    568.25
   67.37    5387.1    569.87
   67.51    5400.0    571.47
   67.61    5409.5    572.64
   67.66    5414.2    573.22
   67.71    5418.9    573.80
   67.76    5423.6    574.38
   67.81    5428.3    574.96
   67.85    5433.0    575.54
   67.88    5435.3    575.82
   67.89    5436.5    575.97
   67.90    5437.6    576.11
   68.01    5447.9    577.37
   68.08    5454.7    578.21
   68.30    5477.4    580.99
   68.53    5500.0    583.74
   68.62    5509.5    584.90
   68.71    5519.0    586.05
   68.89    5537.9    588.35
   68.95    5544.0    589.08
   69.00    5550.0    589.82
   69.12    5562.1    591.28
   69.29    5581.1    593.57
   69.46    5600.0    595.85
   69.67    5623.1    598.62
   69.90    5650.0    601.86
   70.09    5672.2    604.52
   70.18    5683.3    605.85
   70.27    5694.2    607.16
   70.30    5697.6    607.56
   70.33    5701.0    607.97
   70.46    5718.5    610.11
   70.59    5736.0    612.24
   70.62    5740.7    612.81
   70.66    5745.3    613.37
   70.75    5758.2    614.94
   70.80    5764.6    615.72
   70.85    5771.0    616.50
   70.97    5787.7    618.54
   71.08    5804.2    620.55
   71.14    5812.3    621.55
   71.19    5820.4    622.54
   71.20    5821.0    622.61
   71.29    5834.8    624.31
   71.38    5848.3    625.98
   71.42    5855.1    626.81
   71.47    5861.7    627.63
   71.53    5871.0    628.78
   71.65    5891.1    631.29
   71.75    5906.2    633.17
   71.84    5921.0    635.02
   71.87    5926.9    635.76
   71.91    5932.7    636.50
   71.93    5935.6    636.86
   72.03    5953.5    639.12
   72.08    5962.3    640.24
   72.13    5971.0    641.35
   72.21    5984.5    643.09
   72.30    6001.4    645.30
   72.38    6016.0    647.19
   72.49    6037.7    650.01
   72.61    6059.2    652.82
   72.61    6060.1    652.94
   72.61    6061.0    653.05
   72.71    6080.5    655.60
   72.78    6093.3    657.28
   72.84    6106.0    658.95
   72.87    6111.6    659.68
   72.90    6117.1    660.41
   72.96    6128.2    661.86
   72.97    6130.6    662.19
   72.98    6133.1    662.51
   73.02    6142.1    663.70
   73.05    6146.5    664.28
   73.06    6148.8    664.58
   73.07    6151.0    664.87
   73.15    6168.5    667.30
   73.22    6186.0    669.73
   73.30    6203.5    672.15
   73.38    6221.0    674.57
   73.46    6238.5    676.97
   73.49    6247.2    678.18
   73.53    6256.0    679.39
   73.56    6263.3    680.39
   73.57    6264.0    680.49
   73.63    6277.5    682.34
   73.69    6291.0    684.19
   73.73    6301.0    685.56
   73.77    6311.0    686.93
   73.79    6316.0    687.61
   73.81    6321.0    688.30
   73.84    6326.0    688.98
   73.86    6331.0    689.67
   73.87    6334.9    690.20
   73.89    6338.8    690.73
   73.91    6342.7    691.26
   73.92    6344.6    691.53
   73.92    6346.6    691.79
   73.93    6346.9    691.84
   73.94    6351.4    692.56
   73.95    6353.7    692.92
   73.95    6354.9    693.10
   73.96    6356.0    693.27
   73.98    6363.5    694.63
   73.99    6367.3    695.31
   73.99    6369.1    695.65
   74.00    6370.1    695.82
   74.00    6371.0    695.99
