    0.00    6371.0      0.00
    0.00    6370.1      0.17
    0.01    6369.1      0.34
    0.01    6367.3      0.68
    0.02    6363.5      1.37
    0.05    6356.0      2.74
    0.05    6354.9      2.92
    0.06    6353.7      3.10
    0.06    6351.4      3.46
    0.08    6346.9      4.19
    0.08    6346.6      4.23
    0.09    6344.6      4.51
    0.10    6342.7      4.78
    0.12    6338.8      5.32
    0.14    6334.9      5.86
    0.16    6331.0      6.40
    0.18    6326.0      7.10
    0.20    6321.0      7.79
    0.23    6316.0      8.49
    0.25    6311.0      9.18
    0.30    6301.0     10.58
    0.34    6291.0     11.97
    0.41    6277.5     13.86
    0.47    6264.0     15.74
    0.48    6263.3     15.85
    0.51    6256.0     16.87
    0.55    6247.2     18.09
    0.59    6238.5     19.32
    0.68    6221.0     21.78
    0.76    6203.5     24.24
    0.85    6186.0     26.70
    0.93    6168.5     29.18
    1.02    6151.0     31.65
    1.03    6148.8     31.95
    1.04    6146.5     32.25
    1.07    6142.1     32.85
    1.12    6133.1     34.06
    1.13    6130.6     34.39
    1.14    6128.2     34.73
    1.20    6117.1     36.21
    1.23    6111.6     36.96
    1.27    6106.0     37.71
    1.34    6093.3     39.42
    1.41    6080.5     41.14
    1.52    6061.0     43.74
    1.52    6060.1     43.86
    1.53    6059.2     43.99
    1.65    6037.7     46.86
    1.78    6016.0     49.76
    1.87    6001.4     51.70
    1.97    5984.5     53.96
    2.05    5971.0     55.75
    2.11    5962.3     56.89
    2.16    5953.5     58.05
    2.28    5935.6     60.37
    2.30    5932.7     60.75
    2.34    5926.9     61.51
    2.38    5921.0     62.27
    2.48    5906.2     64.18
    2.58    5891.1     66.13
    2.72    5871.0     68.72
    2.79    5861.7     69.91
    2.84    5855.1     70.76
    2.89    5848.3     71.62
    2.99    5834.8     73.36
    3.09    5821.0     75.12
    3.10    5820.4     75.20
    3.16    5812.3     76.22
    3.22    5804.2     77.26
    3.35    5787.7     79.36
    3.48    5771.0     81.49
    3.54    5764.6     82.30
    3.59    5758.2     83.12
    3.69    5745.3     84.75
    3.73    5740.7     85.35
    3.77    5736.0     85.94
    3.92    5718.5     88.17
    4.07    5701.0     90.41
    4.10    5697.6     90.84
    4.13    5694.2     91.27
    4.23    5683.3     92.65
    4.34    5672.2     94.05
    4.55    5650.0     96.88
    4.82    5623.1    100.32
    5.05    5600.0    103.27
    5.25    5581.1    105.70
    5.45    5562.1    108.15
    5.58    5550.0    109.71
    5.65    5544.0    110.50
    5.71    5537.9    111.29
    5.92    5519.0    113.75
    6.03    5509.5    114.99
    6.13    5500.0    116.24
    6.39    5477.4    119.21
    6.65    5454.7    122.21
    6.74    5447.9    123.11
    6.86    5437.6    124.48
    6.87    5436.5    124.64
    6.89    5435.3    124.79
    6.91    5433.0    125.10
    6.97    5428.3    125.73
    7.03    5423.6    126.36
    7.08    5418.9    126.99
    7.14    5414.2    127.62
    7.20    5409.5    128.25
    7.32    5400.0    129.52
    7.48    5387.1    131.27
    7.64    5374.1    133.03
    7.81    5361.1    134.80
    7.98    5348.1    136.58
    8.13    5336.1    138.22
    8.29    5324.1    139.88
    8.62    5300.0    143.23
    9.03    5270.3    147.39
    9.46    5240.3    151.65
    9.76    5220.2    154.54
   10.07    5200.0    157.47
   10.42    5176.9    160.85
   10.90    5146.9    165.32
   11.40    5116.6    169.90
   11.43    5115.0    170.13
   11.46    5113.5    170.37
   11.51    5110.3    170.84
   11.62    5104.1    171.80
   11.69    5100.0    172.43
   11.83    5091.5    173.74
   12.28    5066.1    177.72
   12.97    5028.8    183.65
   13.53    5000.0    188.37
   13.70    4991.1    189.84
   14.54    4950.6    196.72
   14.98    4930.1    200.29
   15.44    4909.6    203.94
   15.66    4900.0    205.68
   16.31    4872.3    210.81
   16.78    4853.4    214.39
   17.26    4834.5    218.08
   18.20    4800.0    225.08
   18.36    4794.4    226.26
   18.95    4774.0    230.62
   19.58    4753.5    235.17
   20.20    4734.9    239.55
   20.81    4716.4    243.93
   21.40    4700.0    248.06
   22.22    4678.8    253.69
   23.05    4659.8    259.29
   23.87    4640.8    264.89
   24.83    4621.6    271.25
   25.37    4612.0    274.81
   25.91    4602.4    278.38
   26.06    4600.0    279.35
   26.97    4587.8    285.25
   27.89    4575.7    291.14
   28.80    4563.5    297.04
   29.63    4557.0    302.26
   30.45    4550.5    307.48
   31.27    4544.0    312.71
   32.18    4541.5    318.42
   33.09    4539.1    324.12
   34.00    4536.6    329.83
   34.91    4539.1    335.54
   35.82    4541.5    341.25
   36.73    4544.0    346.96
   37.55    4550.5    352.18
   38.37    4557.0    357.40
   39.20    4563.5    362.63
   40.11    4575.7    368.52
   41.03    4587.8    374.42
   41.94    4600.0    380.31
   42.09    4602.4    381.29
   42.63    4612.0    384.85
   43.17    4621.6    388.41
   44.13    4640.8    394.78
   44.95    4659.8    400.37
   45.78    4678.8    405.97
   46.60    4700.0    411.60
   47.19    4716.4    415.73
   47.80    4734.9    420.11
   48.42    4753.5    424.50
   49.05    4774.0    429.04
   49.64    4794.4    433.41
   49.80    4800.0    434.59
   50.74    4834.5    441.58
   51.22    4853.4    445.27
   51.69    4872.3    448.85
   52.34    4900.0    453.98
   52.56    4909.6    455.72
   53.02    4930.1    459.38
   53.46    4950.6    462.94
   54.30    4991.1    469.82
   54.47    5000.0    471.29
   55.03    5028.8    476.01
   55.72    5066.1    481.95
   56.17    5091.5    485.92
   56.31    5100.0    487.23
   56.38    5104.1    487.87
   56.49    5110.3    488.82
   56.54    5113.5    489.29
   56.57    5115.0    489.53
   56.60    5116.6    489.77
   57.10    5146.9    494.35
   57.58    5176.9    498.81
   57.93    5200.0    502.19
   58.24    5220.2    505.13
   58.54    5240.3    508.01
   58.97    5270.3    512.27
   59.38    5300.0    516.44
   59.71    5324.1    519.79
   59.87    5336.1    521.44
   60.02    5348.1    523.08
   60.19    5361.1    524.87
   60.36    5374.1    526.64
   60.52    5387.1    528.39
   60.68    5400.0    530.14
   60.80    5409.5    531.41
   60.86    5414.2    532.04
   60.92    5418.9    532.67
   60.97    5423.6    533.30
   61.03    5428.3    533.93
   61.09    5433.0    534.56
   61.11    5435.3    534.87
   61.13    5436.5    535.03
   61.14    5437.6    535.18
   61.26    5447.9    536.55
   61.35    5454.7    537.45
   61.61    5477.4    540.46
   61.87    5500.0    543.42
   61.97    5509.5    544.67
   62.08    5519.0    545.91
   62.29    5537.9    548.37
   62.35    5544.0    549.16
   62.42    5550.0    549.95
   62.55    5562.1    551.52
   62.75    5581.1    553.97
   62.95    5600.0    556.39
   63.18    5623.1    559.35
   63.45    5650.0    562.78
   63.66    5672.2    565.61
   63.77    5683.3    567.01
   63.87    5694.2    568.40
   63.90    5697.6    568.83
   63.93    5701.0    569.26
   64.08    5718.5    571.50
   64.23    5736.0    573.72
   64.27    5740.7    574.32
   64.31    5745.3    574.91
   64.41    5758.2    576.55
   64.46    5764.6    577.36
   64.52    5771.0    578.18
   64.65    5787.7    580.31
   64.78    5804.2    582.40
   64.84    5812.3    583.44
   64.90    5820.4    584.47
   64.91    5821.0    584.54
   65.01    5834.8    586.30
   65.11    5848.3    588.04
   65.16    5855.1    588.90
   65.21    5861.7    589.75
   65.28    5871.0    590.94
   65.42    5891.1    593.54
   65.52    5906.2    595.48
   65.62    5921.0    597.40
   65.66    5926.9    598.16
   65.70    5932.7    598.92
   65.72    5935.6    599.29
   65.84    5953.5    601.62
   65.89    5962.3    602.77
   65.95    5971.0    603.91
   66.03    5984.5    605.71
   66.13    6001.4    607.97
   66.22    6016.0    609.91
   66.35    6037.7    612.80
   66.47    6059.2    615.68
   66.48    6060.1    615.80
   66.48    6061.0    615.92
   66.59    6080.5    618.53
   66.66    6093.3    620.25
   66.73    6106.0    621.96
   66.77    6111.6    622.70
   66.80    6117.1    623.45
   66.86    6128.2    624.94
   66.87    6130.6    625.27
   66.88    6133.1    625.60
   66.93    6142.1    626.81
   66.96    6146.5    627.41
   66.97    6148.8    627.71
   66.98    6151.0    628.01
   67.07    6168.5    630.49
   67.15    6186.0    632.96
   67.24    6203.5    635.42
   67.32    6221.0    637.89
   67.41    6238.5    640.34
   67.45    6247.2    641.57
   67.49    6256.0    642.80
   67.52    6263.3    643.81
   67.53    6264.0    643.92
   67.59    6277.5    645.80
   67.66    6291.0    647.69
   67.70    6301.0    649.08
   67.75    6311.0    650.48
   67.77    6316.0    651.17
   67.80    6321.0    651.87
   67.82    6326.0    652.56
   67.84    6331.0    653.26
   67.86    6334.9    653.80
   67.88    6338.8    654.34
   67.90    6342.7    654.89
   67.91    6344.6    655.16
   67.92    6346.6    655.43
   67.92    6346.9    655.47
   67.94    6351.4    656.20
   67.94    6353.7    656.56
   67.95    6354.9    656.74
   67.95    6356.0    656.93
   67.98    6363.5    658.29
   67.99    6367.3    658.98
   67.99    6369.1    659.32
   68.00    6370.1    659.49
   68.00    6371.0    659.66
