    0.00    6371.0      0.00
    0.00    6370.1      0.18
    0.01    6369.1      0.35
    0.01    6367.3      0.71
    0.03    6363.5      1.41
    0.06    6356.0      2.83
    0.07    6354.9      3.02
    0.07    6353.7      3.21
    0.08    6351.4      3.59
    0.10    6346.9      4.35
    0.11    6346.6      4.40
    0.12    6344.6      4.69
    0.13    6342.7      4.98
    0.15    6338.8      5.56
    0.18    6334.9      6.15
    0.20    6331.0      6.73
    0.23    6326.0      7.48
    0.26    6321.0      8.23
    0.30    6316.0      8.98
    0.33    6311.0      9.73
    0.39    6301.0     11.23
    0.45    6291.0     12.74
    0.54    6277.5     14.77
    0.62    6264.0     16.80
    0.63    6263.3     16.92
    0.67    6256.0     18.02
    0.73    6247.2     19.34
    0.79    6238.5     20.67
    0.90    6221.0     23.32
    1.01    6203.5     25.98
    1.12    6186.0     28.64
    1.24    6168.5     31.31
    1.35    6151.0     33.98
    1.37    6148.8     34.31
    1.38    6146.5     34.64
    1.42    6142.1     35.31
    1.48    6133.1     36.64
    1.50    6130.6     37.00
    1.52    6128.2     37.37
    1.60    6117.1     39.01
    1.64    6111.6     39.83
    1.69    6106.0     40.66
    1.78    6093.3     42.55
    1.88    6080.5     44.45
    2.03    6061.0     47.35
    2.04    6060.1     47.48
    2.05    6059.2     47.62
    2.22    6037.7     50.82
    2.39    6016.0     54.05
    2.51    6001.4     56.22
    2.65    5984.5     58.75
    2.76    5971.0     60.77
    2.84    5962.3     62.06
    2.92    5953.5     63.38
    3.08    5935.6     66.04
    3.11    5932.7     66.47
    3.17    5926.9     67.34
    3.22    5921.0     68.22
    3.37    5906.2     70.44
    3.51    5891.1     72.70
    3.72    5871.0     75.74
    3.82    5861.7     77.14
    3.89    5855.1     78.15
    3.96    5848.3     79.17
    4.11    5834.8     81.24
    4.26    5821.0     83.35
    4.27    5820.4     83.44
    4.36    5812.3     84.68
    4.45    5804.2     85.94
    4.65    5787.7     88.49
    4.85    5771.0     91.11
    4.93    5764.6     92.12
    5.01    5758.2     93.13
    5.17    5745.3     95.17
    5.23    5740.7     95.91
    5.29    5736.0     96.65
    5.51    5718.5     99.44
    5.75    5701.0    102.26
    5.80    5697.6    102.83
    5.85    5694.2    103.41
    6.02    5683.3    105.28
    6.20    5672.2    107.18
    6.56    5650.0    111.07
    7.02    5623.1    115.90
    7.44    5600.0    120.14
    7.79    5581.1    123.70
    8.16    5562.1    127.35
    8.40    5550.0    129.71
    8.53    5544.0    130.91
    8.65    5537.9    132.12
    9.05    5519.0    135.93
    9.25    5509.5    137.88
    9.46    5500.0    139.86
    9.97    5477.4    144.66
   10.52    5454.7    149.67
   10.69    5447.9    151.20
   10.94    5437.6    153.55
   10.97    5436.5    153.82
   11.00    5435.3    154.09
   11.06    5433.0    154.64
   11.19    5428.3    155.73
   11.31    5423.6    156.84
   11.44    5418.9    157.96
   11.56    5414.2    159.10
   11.69    5409.5    160.24
   11.96    5400.0    162.57
   12.33    5387.1    165.84
   12.71    5374.1    169.21
   13.12    5361.1    172.72
   13.55    5348.1    176.37
   13.96    5336.1    179.84
   14.39    5324.1    183.46
   15.32    5300.0    191.27
   15.99    5285.1    196.75
   16.66    5270.3    202.22
   17.51    5255.3    208.99
   18.35    5240.3    215.76
   19.11    5230.3    221.78
   19.88    5220.2    227.80
   20.80    5213.5    235.01
   21.73    5206.7    242.21
   22.66    5200.0    249.42
   23.33    5198.8    254.62
   24.00    5197.6    259.82
   24.67    5198.8    265.02
   25.35    5200.0    270.22
   26.27    5206.7    277.43
   27.20    5213.5    284.63
   28.12    5220.2    291.84
   28.89    5230.3    297.86
   29.65    5240.3    303.88
   30.49    5255.3    310.65
   31.34    5270.3    317.42
   32.01    5285.1    322.90
   32.68    5300.0    328.37
   33.61    5324.1    336.18
   34.04    5336.1    339.81
   34.45    5348.1    343.28
   34.88    5361.1    346.92
   35.29    5374.1    350.43
   35.67    5387.1    353.81
   36.05    5400.0    357.07
   36.31    5409.5    359.40
   36.44    5414.2    360.55
   36.56    5418.9    361.68
   36.69    5423.6    362.80
   36.81    5428.3    363.91
   36.94    5433.0    365.01
   37.00    5435.3    365.55
   37.03    5436.5    365.82
   37.06    5437.6    366.09
   37.31    5447.9    368.45
   37.48    5454.7    369.98
   38.03    5477.4    374.98
   38.54    5500.0    379.78
   38.75    5509.5    381.76
   38.95    5519.0    383.71
   39.35    5537.9    387.53
   39.47    5544.0    388.74
   39.60    5550.0    389.93
   39.84    5562.1    392.30
   40.21    5581.1    395.94
   40.56    5600.0    399.50
   40.98    5623.1    403.74
   41.44    5650.0    408.57
   41.80    5672.2    412.47
   41.98    5683.3    414.37
   42.15    5694.2    416.23
   42.20    5697.6    416.81
   42.25    5701.0    417.39
   42.49    5718.5    420.21
   42.71    5736.0    423.00
   42.77    5740.7    423.74
   42.83    5745.3    424.48
   42.99    5758.2    426.51
   43.07    5764.6    427.52
   43.15    5771.0    428.53
   43.35    5787.7    431.15
   43.55    5804.2    433.71
   43.64    5812.3    434.96
   43.73    5820.4    436.20
   43.74    5821.0    436.29
   43.89    5834.8    438.40
   44.04    5848.3    440.47
   44.11    5855.1    441.49
   44.18    5861.7    442.50
   44.28    5871.0    443.91
   44.49    5891.1    446.94
   44.63    5906.2    449.20
   44.78    5921.0    451.42
   44.83    5926.9    452.30
   44.89    5932.7    453.17
   44.92    5935.6    453.60
   45.08    5953.5    456.27
   45.16    5962.3    457.58
   45.24    5971.0    458.88
   45.35    5984.5    460.89
   45.49    6001.4    463.43
   45.61    6016.0    465.60
   45.78    6037.7    468.83
   45.95    6059.2    472.02
   45.96    6060.1    472.16
   45.97    6061.0    472.30
   46.12    6080.5    475.19
   46.22    6093.3    477.09
   46.32    6106.0    478.98
   46.36    6111.6    479.81
   46.40    6117.1    480.63
   46.48    6128.2    482.27
   46.50    6130.6    482.64
   46.52    6133.1    483.01
   46.58    6142.1    484.34
   46.62    6146.5    485.00
   46.63    6148.8    485.33
   46.65    6151.0    485.66
   46.76    6168.5    488.33
   46.88    6186.0    491.01
   46.99    6203.5    493.67
   47.10    6221.0    496.33
   47.21    6238.5    498.98
   47.27    6247.2    500.30
   47.33    6256.0    501.63
   47.37    6263.3    502.72
   47.38    6264.0    502.84
   47.46    6277.5    504.87
   47.55    6291.0    506.91
   47.61    6301.0    508.41
   47.67    6311.0    509.91
   47.70    6316.0    510.66
   47.74    6321.0    511.41
   47.77    6326.0    512.16
   47.80    6331.0    512.91
   47.82    6334.9    513.50
   47.85    6338.8    514.08
   47.87    6342.7    514.66
   47.88    6344.6    514.95
   47.90    6346.6    515.25
   47.90    6346.9    515.29
   47.92    6351.4    516.06
   47.93    6353.7    516.44
   47.94    6354.9    516.63
   47.94    6356.0    516.82
   47.97    6363.5    518.23
   47.99    6367.3    518.94
   47.99    6369.1    519.29
   48.00    6370.1    519.47
   48.00    6371.0    519.64
