    0.00    6371.0      0.00
    0.00    6370.1      0.17
    0.01    6369.1      0.35
    0.01    6367.3      0.69
    0.03    6363.5      1.38
    0.05    6356.0      2.76
    0.06    6354.9      2.95
    0.06    6353.7      3.13
    0.07    6351.4      3.50
    0.09    6346.9      4.23
    0.09    6346.6      4.28
    0.10    6344.6      4.55
    0.11    6342.7      4.83
    0.13    6338.8      5.38
    0.15    6334.9      5.94
    0.17    6331.0      6.49
    0.19    6326.0      7.20
    0.22    6321.0      7.91
    0.25    6316.0      8.62
    0.27    6311.0      9.33
    0.32    6301.0     10.75
    0.37    6291.0     12.17
    0.44    6277.5     14.09
    0.51    6264.0     16.02
    0.52    6263.3     16.13
    0.56    6256.0     17.16
    0.60    6247.2     18.42
    0.65    6238.5     19.67
    0.74    6221.0     22.17
    0.83    6203.5     24.69
    0.92    6186.0     27.20
    1.02    6168.5     29.73
    1.11    6151.0     32.25
    1.12    6148.8     32.56
    1.14    6146.5     32.86
    1.16    6142.1     33.48
    1.22    6133.1     34.72
    1.23    6130.6     35.06
    1.25    6128.2     35.40
    1.31    6117.1     36.93
    1.35    6111.6     37.69
    1.38    6106.0     38.46
    1.46    6093.3     40.22
    1.54    6080.5     41.98
    1.66    6061.0     44.66
    1.67    6060.1     44.78
    1.67    6059.2     44.91
    1.81    6037.7     47.86
    1.95    6016.0     50.84
    2.04    6001.4     52.84
    2.15    5984.5     55.17
    2.24    5971.0     57.01
    2.31    5962.3     58.19
    2.37    5953.5     59.38
    2.50    5935.6     61.80
    2.52    5932.7     62.18
    2.56    5926.9     62.97
    2.61    5921.0     63.76
    2.72    5906.2     65.74
    2.83    5891.1     67.76
    2.99    5871.0     70.46
    3.06    5861.7     71.70
    3.12    5855.1     72.59
    3.17    5848.3     73.49
    3.29    5834.8     75.30
    3.40    5821.0     77.14
    3.41    5820.4     77.22
    3.48    5812.3     78.29
    3.55    5804.2     79.38
    3.69    5787.7     81.58
    3.84    5771.0     83.81
    3.90    5764.6     84.67
    3.96    5758.2     85.53
    4.08    5745.3     87.25
    4.12    5740.7     87.88
    4.17    5736.0     88.50
    4.33    5718.5     90.85
    4.50    5701.0     93.22
    4.53    5697.6     93.68
    4.57    5694.2     94.13
    4.69    5683.3     95.62
    4.81    5672.2     97.11
    5.05    5650.0    100.15
    5.36    5623.1    103.85
    5.63    5600.0    107.04
    5.86    5581.1    109.67
    6.09    5562.1    112.33
    6.25    5550.0    114.04
    6.32    5544.0    114.90
    6.40    5537.9    115.76
    6.64    5519.0    118.45
    6.77    5509.5    119.80
    6.89    5500.0    121.17
    7.19    5477.4    124.43
    7.51    5454.7    127.75
    7.60    5447.9    128.74
    7.75    5437.6    130.26
    7.76    5436.5    130.43
    7.78    5435.3    130.60
    7.81    5433.0    130.95
    7.88    5428.3    131.64
    7.95    5423.6    132.34
    8.02    5418.9    133.04
    8.08    5414.2    133.74
    8.15    5409.5    134.45
    8.29    5400.0    135.87
    8.48    5387.1    137.81
    8.68    5374.1    139.78
    8.88    5361.1    141.77
    9.08    5348.1    143.78
    9.27    5336.1    145.64
    9.47    5324.1    147.51
    9.86    5300.0    151.32
   10.37    5270.3    156.09
   10.90    5240.3    161.01
   11.27    5220.2    164.37
   11.66    5200.0    167.80
   12.11    5176.9    171.80
   12.72    5146.9    177.13
   13.37    5116.6    182.67
   13.40    5115.0    182.96
   13.44    5113.5    183.24
   13.51    5110.3    183.82
   13.64    5104.1    184.99
   13.74    5100.0    185.77
   13.93    5091.5    187.39
   14.53    5066.1    192.33
   15.46    5028.8    199.87
   16.24    5000.0    206.02
   16.49    4991.1    207.97
   17.10    4970.8    212.65
   17.70    4950.6    217.33
   18.37    4930.1    222.37
   19.08    4909.6    227.70
   19.44    4900.0    230.30
   19.98    4886.1    234.29
   20.53    4872.3    238.28
   21.35    4853.4    244.20
   22.26    4834.5    250.69
   22.93    4823.0    255.36
   23.60    4811.5    260.03
   24.27    4800.0    264.70
   24.66    4794.4    267.41
   25.51    4784.2    273.21
   26.35    4774.0    279.02
   27.10    4768.9    284.09
   27.85    4763.7    289.16
   28.60    4758.6    294.23
   29.35    4753.5    299.30
   30.18    4752.0    304.83
   31.00    4750.6    310.36
   31.82    4752.0    315.89
   32.65    4753.5    321.42
   33.40    4758.6    326.49
   34.15    4763.7    331.56
   34.90    4768.9    336.63
   35.65    4774.0    341.70
   36.50    4784.2    347.50
   37.34    4794.4    353.31
   37.73    4800.0    356.01
   38.40    4811.5    360.68
   39.07    4823.0    365.35
   39.74    4834.5    370.02
   40.65    4853.4    376.51
   41.47    4872.3    382.43
   42.02    4886.1    386.43
   42.56    4900.0    390.42
   42.92    4909.6    393.02
   43.63    4930.1    398.35
   44.30    4950.6    403.38
   44.90    4970.8    408.07
   45.51    4991.1    412.75
   45.76    5000.0    414.70
   46.54    5028.8    420.84
   47.47    5066.1    428.38
   48.07    5091.5    433.33
   48.26    5100.0    434.94
   48.36    5104.1    435.72
   48.49    5110.3    436.89
   48.56    5113.5    437.47
   48.60    5115.0    437.76
   48.63    5116.6    438.05
   49.28    5146.9    443.59
   49.89    5176.9    448.92
   50.34    5200.0    452.91
   50.73    5220.2    456.35
   51.10    5240.3    459.71
   51.63    5270.3    464.62
   52.14    5300.0    469.40
   52.53    5324.1    473.21
   52.73    5336.1    475.08
   52.92    5348.1    476.93
   53.12    5361.1    478.94
   53.32    5374.1    480.93
   53.52    5387.1    482.90
   53.71    5400.0    484.85
   53.85    5409.5    486.27
   53.92    5414.2    486.97
   53.98    5418.9    487.68
   54.05    5423.6    488.38
   54.12    5428.3    489.07
   54.19    5433.0    489.77
   54.22    5435.3    490.11
   54.24    5436.5    490.29
   54.25    5437.6    490.46
   54.40    5447.9    491.97
   54.49    5454.7    492.97
   54.81    5477.4    496.28
   55.11    5500.0    499.55
   55.23    5509.5    500.91
   55.36    5519.0    502.27
   55.60    5537.9    504.96
   55.68    5544.0    505.82
   55.75    5550.0    506.68
   55.91    5562.1    508.38
   56.14    5581.1    511.05
   56.37    5600.0    513.68
   56.64    5623.1    516.87
   56.95    5650.0    520.57
   57.19    5672.2    523.60
   57.31    5683.3    525.10
   57.43    5694.2    526.58
   57.47    5697.6    527.04
   57.50    5701.0    527.50
   57.67    5718.5    529.86
   57.83    5736.0    532.21
   57.88    5740.7    532.84
   57.92    5745.3    533.46
   58.04    5758.2    535.19
   58.10    5764.6    536.05
   58.16    5771.0    536.90
   58.31    5787.7    539.14
   58.45    5804.2    541.34
   58.52    5812.3    542.42
   58.59    5820.4    543.50
   58.60    5821.0    543.58
   58.71    5834.8    545.42
   58.83    5848.3    547.23
   58.88    5855.1    548.13
   58.94    5861.7    549.02
   59.01    5871.0    550.26
   59.17    5891.1    552.95
   59.28    5906.2    554.97
   59.39    5921.0    556.96
   59.44    5926.9    557.75
   59.48    5932.7    558.53
   59.50    5935.6    558.92
   59.63    5953.5    561.33
   59.69    5962.3    562.52
   59.76    5971.0    563.70
   59.85    5984.5    565.55
   59.96    6001.4    567.88
   60.05    6016.0    569.87
   60.19    6037.7    572.85
   60.33    6059.2    575.81
   60.33    6060.1    575.93
   60.34    6061.0    576.06
   60.46    6080.5    578.74
   60.54    6093.3    580.50
   60.62    6106.0    582.25
   60.65    6111.6    583.02
   60.69    6117.1    583.79
   60.75    6128.2    585.31
   60.77    6130.6    585.66
   60.78    6133.1    586.00
   60.84    6142.1    587.23
   60.86    6146.5    587.85
   60.88    6148.8    588.16
   60.89    6151.0    588.47
   60.98    6168.5    590.99
   61.08    6186.0    593.52
   61.17    6203.5    596.03
   61.26    6221.0    598.54
   61.35    6238.5    601.05
   61.40    6247.2    602.30
   61.44    6256.0    603.55
   61.48    6263.3    604.59
   61.49    6264.0    604.70
   61.56    6277.5    606.62
   61.63    6291.0    608.54
   61.68    6301.0    609.97
   61.73    6311.0    611.39
   61.75    6316.0    612.10
   61.78    6321.0    612.81
   61.81    6326.0    613.52
   61.83    6331.0    614.23
   61.85    6334.9    614.78
   61.87    6338.8    615.33
   61.89    6342.7    615.89
   61.90    6344.6    616.16
   61.91    6346.6    616.44
   61.91    6346.9    616.48
   61.93    6351.4    617.22
   61.94    6353.7    617.59
   61.94    6354.9    617.77
   61.95    6356.0    617.95
   61.97    6363.5    619.34
   61.99    6367.3    620.03
   61.99    6369.1    620.37
   62.00    6370.1    620.54
   62.00    6371.0    620.72
