    0.00    6371.0      0.00
    0.00    6370.1      0.18
    0.01    6369.1      0.36
    0.02    6367.3      0.73
    0.03    6363.5      1.45
    0.07    6356.0      2.90
    0.08    6354.9      3.10
    0.08    6353.7      3.30
    0.10    6351.4      3.70
    0.12    6346.9      4.49
    0.12    6346.6      4.54
    0.14    6344.6      4.85
    0.15    6342.7      5.17
    0.18    6338.8      5.79
    0.21    6334.9      6.42
    0.24    6331.0      7.04
    0.28    6326.0      7.84
    0.31    6321.0      8.65
    0.35    6316.0      9.45
    0.39    6311.0     10.25
    0.47    6301.0     11.86
    0.54    6291.0     13.48
    0.64    6277.5     15.66
    0.75    6264.0     17.84
    0.75    6263.3     17.96
    0.81    6256.0     19.13
    0.88    6247.2     20.56
    0.94    6238.5     21.98
    1.08    6221.0     24.82
    1.22    6203.5     27.68
    1.35    6186.0     30.53
    1.49    6168.5     33.40
    1.63    6151.0     36.27
    1.65    6148.8     36.64
    1.67    6146.5     37.00
    1.71    6142.1     37.73
    1.79    6133.1     39.18
    1.81    6130.6     39.59
    1.84    6128.2     39.99
    1.94    6117.1     41.79
    1.99    6111.6     42.70
    2.04    6106.0     43.61
    2.16    6093.3     45.69
    2.29    6080.5     47.79
    2.47    6061.0     51.00
    2.48    6060.1     51.15
    2.49    6059.2     51.30
    2.71    6037.7     54.85
    2.92    6016.0     58.45
    3.07    6001.4     60.87
    3.25    5984.5     63.71
    3.40    5971.0     65.98
    3.50    5962.3     67.46
    3.60    5953.5     68.96
    3.81    5935.6     72.04
    3.85    5932.7     72.53
    3.92    5926.9     73.55
    3.99    5921.0     74.57
    4.18    5906.2     77.16
    4.38    5891.1     79.83
    4.65    5871.0     83.45
    4.79    5861.7     85.14
    4.88    5855.1     86.36
    4.98    5848.3     87.60
    5.18    5834.8     90.13
    5.40    5821.0     92.75
    5.41    5820.4     92.86
    5.54    5812.3     94.41
    5.67    5804.2     95.99
    5.95    5787.7     99.25
    6.25    5771.0    102.66
    6.37    5764.6    103.98
    6.48    5758.2    105.32
    6.73    5745.3    108.02
    6.82    5740.7    109.01
    6.91    5736.0    110.01
    7.25    5718.5    113.77
    7.61    5701.0    117.64
    7.70    5697.6    118.58
    7.80    5694.2    119.53
    8.12    5683.3    122.69
    8.47    5672.2    126.01
    9.23    5650.0    133.25
    9.78    5636.5    138.35
   10.34    5623.1    143.44
   10.94    5611.5    148.93
   11.55    5600.0    154.42
   12.23    5590.6    160.45
   12.91    5581.1    166.48
   13.75    5574.8    173.85
   14.58    5568.5    181.21
   15.42    5562.1    188.58
   15.96    5561.2    193.26
   16.50    5560.3    197.95
   17.04    5561.2    202.64
   17.58    5562.1    207.33
   18.42    5568.5    214.69
   19.25    5574.8    222.06
   20.09    5581.1    229.42
   20.77    5590.6    235.45
   21.45    5600.0    241.49
   22.06    5611.5    246.97
   22.66    5623.1    252.46
   23.22    5636.5    257.56
   23.77    5650.0    262.65
   24.53    5672.2    269.90
   24.88    5683.3    273.21
   25.20    5694.2    276.37
   25.30    5697.6    277.33
   25.39    5701.0    278.27
   25.75    5718.5    282.13
   26.09    5736.0    285.90
   26.18    5740.7    286.89
   26.27    5745.3    287.88
   26.52    5758.2    290.59
   26.63    5764.6    291.92
   26.75    5771.0    293.25
   27.05    5787.7    296.65
   27.33    5804.2    299.91
   27.46    5812.3    301.49
   27.59    5820.4    303.04
   27.60    5821.0    303.16
   27.82    5834.8    305.77
   28.02    5848.3    308.30
   28.12    5855.1    309.54
   28.21    5861.7    310.77
   28.35    5871.0    312.46
   28.62    5891.1    316.07
   28.82    5906.2    318.74
   29.01    5921.0    321.34
   29.08    5926.9    322.36
   29.15    5932.7    323.37
   29.19    5935.6    323.87
   29.40    5953.5    326.94
   29.50    5962.3    328.44
   29.60    5971.0    329.93
   29.75    5984.5    332.19
   29.93    6001.4    335.03
   30.08    6016.0    337.46
   30.29    6037.7    341.06
   30.51    6059.2    344.61
   30.52    6060.1    344.76
   30.53    6061.0    344.91
   30.71    6080.5    348.11
   30.84    6093.3    350.21
   30.96    6106.0    352.30
   31.01    6111.6    353.21
   31.06    6117.1    354.11
   31.16    6128.2    355.92
   31.19    6130.6    356.32
   31.21    6133.1    356.72
   31.29    6142.1    358.18
   31.33    6146.5    358.91
   31.35    6148.8    359.27
   31.37    6151.0    359.63
   31.51    6168.5    362.50
   31.65    6186.0    365.37
   31.78    6203.5    368.23
   31.92    6221.0    371.08
   32.06    6238.5    373.93
   32.12    6247.2    375.35
   32.19    6256.0    376.77
   32.25    6263.3    377.95
   32.25    6264.0    378.07
   32.36    6277.5    380.25
   32.46    6291.0    382.43
   32.53    6301.0    384.04
   32.61    6311.0    385.65
   32.65    6316.0    386.45
   32.69    6321.0    387.26
   32.72    6326.0    388.06
   32.76    6331.0    388.86
   32.79    6334.9    389.49
   32.82    6338.8    390.11
   32.85    6342.7    390.74
   32.86    6344.6    391.05
   32.88    6346.6    391.36
   32.88    6346.9    391.41
   32.91    6351.4    392.21
   32.92    6353.7    392.60
   32.92    6354.9    392.80
   32.93    6356.0    393.00
   32.97    6363.5    394.45
   32.98    6367.3    395.18
   32.99    6369.1    395.54
   33.00    6370.1    395.72
   33.00    6371.0    395.90
