    0.00    6371.0      0.00
    0.00    6370.1      0.17
    0.01    6369.1      0.34
    0.01    6367.3      0.69
    0.02    6363.5      1.38
    0.05    6356.0      2.76
    0.05    6354.9      2.94
    0.06    6353.7      3.12
    0.07    6351.4      3.49
    0.09    6346.9      4.22
    0.09    6346.6      4.27
    0.10    6344.6      4.55
    0.11    6342.7      4.82
    0.13    6338.8      5.37
    0.15    6334.9      5.92
    0.17    6331.0      6.47
    0.19    6326.0      7.18
    0.22    6321.0      7.89
    0.24    6316.0      8.59
    0.27    6311.0      9.30
    0.32    6301.0     10.72
    0.37    6291.0     12.14
    0.44    6277.5     14.05
    0.51    6264.0     15.97
    0.51    6263.3     16.08
    0.55    6256.0     17.11
    0.59    6247.2     18.36
    0.64    6238.5     19.61
    0.73    6221.0     22.10
    0.82    6203.5     24.61
    0.91    6186.0     27.11
    1.00    6168.5     29.63
    1.10    6151.0     32.14
    1.11    6148.8     32.45
    1.12    6146.5     32.75
    1.15    6142.1     33.37
    1.20    6133.1     34.60
    1.21    6130.6     34.94
    1.23    6128.2     35.28
    1.29    6117.1     36.80
    1.33    6111.6     37.56
    1.36    6106.0     38.32
    1.44    6093.3     40.07
    1.52    6080.5     41.83
    1.63    6061.0     44.49
    1.64    6060.1     44.62
    1.65    6059.2     44.74
    1.78    6037.7     47.68
    1.92    6016.0     50.64
    2.01    6001.4     52.63
    2.12    5984.5     54.95
    2.21    5971.0     56.78
    2.27    5962.3     57.96
    2.33    5953.5     59.14
    2.46    5935.6     61.54
    2.48    5932.7     61.92
    2.52    5926.9     62.70
    2.56    5921.0     63.48
    2.67    5906.2     65.46
    2.79    5891.1     67.46
    2.94    5871.0     70.14
    3.01    5861.7     71.37
    3.07    5855.1     72.25
    3.12    5848.3     73.14
    3.23    5834.8     74.94
    3.35    5821.0     76.76
    3.35    5820.4     76.84
    3.42    5812.3     77.91
    3.49    5804.2     78.99
    3.63    5787.7     81.17
    3.78    5771.0     83.38
    3.83    5764.6     84.23
    3.89    5758.2     85.08
    4.01    5745.3     86.79
    4.05    5740.7     87.41
    4.09    5736.0     88.03
    4.26    5718.5     90.35
    4.42    5701.0     92.70
    4.46    5697.6     93.15
    4.49    5694.2     93.60
    4.61    5683.3     95.07
    4.72    5672.2     96.54
    4.96    5650.0     99.54
    5.26    5623.1    103.19
    5.53    5600.0    106.33
    5.75    5581.1    108.92
    5.98    5562.1    111.54
    6.12    5550.0    113.22
    6.20    5544.0    114.07
    6.27    5537.9    114.91
    6.51    5519.0    117.56
    6.63    5509.5    118.89
    6.75    5500.0    120.23
    7.05    5477.4    123.44
    7.35    5454.7    126.69
    7.44    5447.9    127.67
    7.58    5437.6    129.15
    7.60    5436.5    129.32
    7.61    5435.3    129.49
    7.64    5433.0    129.83
    7.71    5428.3    130.51
    7.78    5423.6    131.19
    7.84    5418.9    131.88
    7.91    5414.2    132.57
    7.97    5409.5    133.26
    8.11    5400.0    134.64
    8.29    5387.1    136.55
    8.48    5374.1    138.48
    8.68    5361.1    140.42
    8.88    5348.1    142.39
    9.06    5336.1    144.20
    9.24    5324.1    146.02
    9.63    5300.0    149.74
   10.11    5270.3    154.38
   10.63    5240.3    159.16
   10.98    5220.2    162.42
   11.35    5200.0    165.75
   11.78    5176.9    169.60
   12.36    5146.9    174.75
   12.98    5116.6    180.07
   13.01    5115.0    180.35
   13.04    5113.5    180.62
   13.11    5110.3    181.18
   13.24    5104.1    182.30
   13.33    5100.0    183.05
   13.51    5091.5    184.59
   14.08    5066.1    189.31
   14.95    5028.8    196.47
   15.68    5000.0    202.27
   15.91    4991.1    204.10
   16.47    4970.8    208.46
   17.03    4950.6    212.83
   17.64    4930.1    217.47
   18.28    4909.6    222.33
   18.59    4900.0    224.69
   19.56    4872.3    231.82
   20.27    4853.4    237.00
   21.04    4834.5    242.54
   21.84    4817.2    248.18
   22.64    4800.0    253.83
   22.93    4794.4    255.87
   23.51    4784.2    259.88
   24.09    4774.0    263.90
   24.79    4763.7    268.68
   25.49    4753.5    273.47
   26.43    4746.1    279.78
   27.37    4738.7    286.09
   28.31    4731.2    292.40
   29.25    4723.8    298.71
   30.19    4716.4    305.03
   30.85    4715.5    309.36
   31.50    4714.6    313.69
   32.15    4715.5    318.03
   32.81    4716.4    322.36
   33.75    4723.8    328.67
   34.69    4731.2    334.99
   35.63    4738.7    341.30
   36.57    4746.1    347.61
   37.51    4753.5    353.92
   38.21    4763.7    358.71
   38.91    4774.0    363.49
   39.49    4784.2    367.51
   40.07    4794.4    371.52
   40.36    4800.0    373.56
   41.16    4817.2    379.21
   41.96    4834.5    384.85
   42.73    4853.4    390.39
   43.44    4872.3    395.57
   44.41    4900.0    402.70
   44.72    4909.6    405.05
   45.37    4930.1    409.92
   45.97    4950.6    414.56
   46.53    4970.8    418.93
   47.09    4991.1    423.29
   47.32    5000.0    425.12
   48.05    5028.8    430.91
   48.92    5066.1    438.08
   49.49    5091.5    442.80
   49.67    5100.0    444.34
   49.76    5104.1    445.09
   49.89    5110.3    446.21
   49.96    5113.5    446.76
   49.99    5115.0    447.04
   50.02    5116.6    447.32
   50.64    5146.9    452.64
   51.22    5176.9    457.79
   51.65    5200.0    461.64
   52.02    5220.2    464.97
   52.37    5240.3    468.23
   52.89    5270.3    473.01
   53.37    5300.0    477.65
   53.76    5324.1    481.37
   53.94    5336.1    483.19
   54.12    5348.1    485.00
   54.32    5361.1    486.97
   54.52    5374.1    488.91
   54.71    5387.1    490.84
   54.89    5400.0    492.74
   55.03    5409.5    494.13
   55.09    5414.2    494.82
   55.16    5418.9    495.51
   55.22    5423.6    496.20
   55.29    5428.3    496.88
   55.36    5433.0    497.56
   55.39    5435.3    497.90
   55.40    5436.5    498.07
   55.42    5437.6    498.24
   55.56    5447.9    499.72
   55.65    5454.7    500.70
   55.95    5477.4    503.95
   56.25    5500.0    507.16
   56.37    5509.5    508.50
   56.49    5519.0    509.83
   56.73    5537.9    512.48
   56.80    5544.0    513.32
   56.88    5550.0    514.17
   57.02    5562.1    515.85
   57.25    5581.1    518.47
   57.47    5600.0    521.06
   57.74    5623.1    524.20
   58.04    5650.0    527.85
   58.28    5672.2    530.85
   58.39    5683.3    532.32
   58.51    5694.2    533.79
   58.54    5697.6    534.24
   58.58    5701.0    534.69
   58.74    5718.5    537.04
   58.91    5736.0    539.36
   58.95    5740.7    539.98
   58.99    5745.3    540.60
   59.11    5758.2    542.31
   59.17    5764.6    543.16
   59.22    5771.0    544.01
   59.37    5787.7    546.22
   59.51    5804.2    548.40
   59.58    5812.3    549.48
   59.65    5820.4    550.54
   59.65    5821.0    550.63
   59.77    5834.8    552.45
   59.88    5848.3    554.25
   59.93    5855.1    555.14
   59.99    5861.7    556.02
   60.06    5871.0    557.25
   60.21    5891.1    559.93
   60.33    5906.2    561.93
   60.44    5921.0    563.91
   60.48    5926.9    564.69
   60.52    5932.7    565.47
   60.54    5935.6    565.85
   60.67    5953.5    568.25
   60.73    5962.3    569.43
   60.79    5971.0    570.61
   60.88    5984.5    572.44
   60.99    6001.4    574.76
   61.08    6016.0    576.75
   61.22    6037.7    579.71
   61.35    6059.2    582.65
   61.36    6060.1    582.77
   61.37    6061.0    582.90
   61.48    6080.5    585.56
   61.56    6093.3    587.32
   61.64    6106.0    589.07
   61.67    6111.6    589.83
   61.71    6117.1    590.59
   61.77    6128.2    592.11
   61.79    6130.6    592.45
   61.80    6133.1    592.79
   61.85    6142.1    594.02
   61.88    6146.5    594.64
   61.89    6148.8    594.94
   61.90    6151.0    595.25
   62.00    6168.5    597.76
   62.09    6186.0    600.28
   62.18    6203.5    602.78
   62.27    6221.0    605.29
   62.36    6238.5    607.78
   62.41    6247.2    609.03
   62.45    6256.0    610.28
   62.49    6263.3    611.31
   62.49    6264.0    611.42
   62.56    6277.5    613.34
   62.63    6291.0    615.25
   62.68    6301.0    616.67
   62.73    6311.0    618.09
   62.76    6316.0    618.80
   62.78    6321.0    619.50
   62.81    6326.0    620.21
   62.83    6331.0    620.92
   62.85    6334.9    621.47
   62.87    6338.8    622.02
   62.89    6342.7    622.57
   62.90    6344.6    622.84
   62.91    6346.6    623.12
   62.91    6346.9    623.16
   62.93    6351.4    623.90
   62.94    6353.7    624.27
   62.95    6354.9    624.45
   62.95    6356.0    624.63
   62.98    6363.5    626.01
   62.99    6367.3    626.70
   62.99    6369.1    627.04
   63.00    6370.1    627.22
   63.00    6371.0    627.39
