    0.00    6371.0      0.00
    0.00    6370.1      0.17
    0.01    6369.1      0.34
    0.01    6367.3      0.68
    0.02    6363.5      1.35
    0.04    6356.0      2.71
    0.05    6354.9      2.89
    0.05    6353.7      3.07
    0.06    6351.4      3.42
    0.07    6346.9      4.14
    0.07    6346.6      4.18
    0.08    6344.6      4.45
    0.09    6342.7      4.71
    0.11    6338.8      5.24
    0.12    6334.9      5.77
    0.14    6331.0      6.30
    0.16    6326.0      6.98
    0.18    6321.0      7.66
    0.20    6316.0      8.34
    0.22    6311.0      9.02
    0.26    6301.0     10.38
    0.31    6291.0     11.74
    0.36    6277.5     13.58
    0.42    6264.0     15.42
    0.42    6263.3     15.53
    0.45    6256.0     16.52
    0.49    6247.2     17.72
    0.53    6238.5     18.92
    0.60    6221.0     21.32
    0.68    6203.5     23.72
    0.75    6186.0     26.13
    0.83    6168.5     28.54
    0.90    6151.0     30.95
    0.91    6148.8     31.25
    0.92    6146.5     31.54
    0.95    6142.1     32.12
    0.99    6133.1     33.30
    1.00    6130.6     33.62
    1.01    6128.2     33.94
    1.07    6117.1     35.39
    1.09    6111.6     36.11
    1.12    6106.0     36.84
    1.18    6093.3     38.50
    1.25    6080.5     40.16
    1.34    6061.0     42.69
    1.35    6060.1     42.81
    1.35    6059.2     42.92
    1.46    6037.7     45.71
    1.57    6016.0     48.51
    1.65    6001.4     50.39
    1.74    5984.5     52.57
    1.81    5971.0     54.31
    1.86    5962.3     55.41
    1.91    5953.5     56.51
    2.01    5935.6     58.75
    2.02    5932.7     59.11
    2.06    5926.9     59.84
    2.09    5921.0     60.57
    2.18    5906.2     62.41
    2.27    5891.1     64.27
    2.39    5871.0     66.75
    2.45    5861.7     67.89
    2.49    5855.1     68.70
    2.54    5848.3     69.52
    2.62    5834.8     71.18
    2.71    5821.0     72.85
    2.72    5820.4     72.92
    2.77    5812.3     73.90
    2.82    5804.2     74.88
    2.93    5787.7     76.87
    3.05    5771.0     78.89
    3.09    5764.6     79.66
    3.14    5758.2     80.43
    3.23    5745.3     81.97
    3.26    5740.7     82.53
    3.30    5736.0     83.09
    3.42    5718.5     85.19
    3.55    5701.0     87.30
    3.57    5697.6     87.70
    3.60    5694.2     88.10
    3.69    5683.3     89.39
    3.78    5672.2     90.69
    3.96    5650.0     93.32
    4.18    5623.1     96.49
    4.38    5600.0     99.22
    4.54    5581.1    101.45
    4.71    5562.1    103.69
    4.81    5550.0    105.13
    4.87    5544.0    105.85
    4.92    5537.9    106.57
    5.10    5519.0    108.82
    5.18    5509.5    109.95
    5.27    5500.0    111.08
    5.48    5477.4    113.77
    5.70    5454.7    116.50
    5.77    5447.9    117.31
    5.87    5437.6    118.54
    5.88    5436.5    118.68
    5.89    5435.3    118.83
    5.91    5433.0    119.11
    5.96    5428.3    119.67
    6.00    5423.6    120.24
    6.05    5418.9    120.80
    6.10    5414.2    121.37
    6.15    5409.5    121.94
    6.24    5400.0    123.08
    6.37    5387.1    124.64
    6.50    5374.1    126.21
    6.64    5361.1    127.79
    6.78    5348.1    129.38
    6.90    5336.1    130.84
    7.03    5324.1    132.31
    7.29    5300.0    135.27
    7.62    5270.3    138.93
    7.96    5240.3    142.65
    8.20    5220.2    145.16
    8.44    5200.0    147.70
    8.71    5176.9    150.61
    9.09    5146.9    154.42
    9.47    5116.6    158.31
    9.49    5115.0    158.51
    9.51    5113.5    158.71
    9.55    5110.3    159.11
    9.63    5104.1    159.91
    9.69    5100.0    160.44
    9.80    5091.5    161.54
   10.14    5066.1    164.85
   10.65    5028.8    169.75
   11.06    5000.0    173.59
   11.19    4991.1    174.78
   11.80    4950.6    180.28
   12.11    4930.1    183.08
   12.43    4909.6    185.92
   12.59    4900.0    187.26
   13.04    4872.3    191.17
   13.36    4853.4    193.85
   13.68    4834.5    196.57
   14.29    4800.0    201.61
   14.39    4794.4    202.45
   14.77    4774.0    205.49
   15.16    4753.5    208.58
   15.89    4716.4    214.31
   16.22    4700.0    216.88
   16.67    4678.8    220.27
   17.50    4640.8    226.50
   17.94    4621.6    229.72
   18.39    4602.4    233.02
   18.45    4600.0    233.44
   19.36    4563.5    239.91
   19.87    4544.0    243.50
   20.41    4524.3    247.20
   21.10    4500.0    251.93
   21.56    4484.7    254.99
   22.19    4464.7    259.21
   22.83    4444.7    263.43
   23.00    4439.7    264.53
   23.72    4419.8    269.12
   24.43    4400.0    273.71
   25.27    4378.9    278.98
   25.58    4371.6    280.91
   26.39    4353.7    285.93
   27.21    4335.9    290.96
   28.20    4317.9    296.91
   29.19    4300.0    302.87
   30.17    4286.8    308.67
   31.16    4273.7    314.47
   32.15    4260.5    320.26
   33.12    4255.4    325.85
   34.10    4250.3    331.43
   35.07    4245.3    337.01
   36.05    4240.2    342.59
   37.02    4235.1    348.17
   38.00    4230.0    353.76
   38.98    4235.1    359.34
   39.95    4240.2    364.92
   40.93    4245.3    370.50
   41.90    4250.3    376.09
   42.88    4255.4    381.67
   43.85    4260.5    387.25
   44.84    4273.7    393.05
   45.83    4286.8    398.85
   46.81    4300.0    404.64
   47.80    4317.9    410.60
   48.79    4335.9    416.56
   49.61    4353.7    421.58
   50.42    4371.6    426.61
   50.73    4378.9    428.53
   51.57    4400.0    433.80
   52.28    4419.8    438.39
   53.00    4439.7    442.99
   53.17    4444.7    444.09
   53.81    4464.7    448.30
   54.44    4484.7    452.52
   54.90    4500.0    455.58
   55.59    4524.3    460.31
   56.13    4544.0    464.01
   56.64    4563.5    467.60
   57.55    4600.0    474.07
   57.61    4602.4    474.49
   58.06    4621.6    477.79
   58.50    4640.8    481.01
   59.33    4678.8    487.24
   59.78    4700.0    490.63
   60.11    4716.4    493.21
   60.84    4753.5    498.93
   61.23    4774.0    502.02
   61.61    4794.4    505.07
   61.71    4800.0    505.90
   62.32    4834.5    510.94
   62.64    4853.4    513.66
   62.96    4872.3    516.35
   63.41    4900.0    520.25
   63.57    4909.6    521.59
   63.89    4930.1    524.43
   64.20    4950.6    527.24
   64.81    4991.1    532.73
   64.94    5000.0    533.92
   65.35    5028.8    537.76
   65.86    5066.1    542.66
   66.20    5091.5    545.97
   66.31    5100.0    547.07
   66.37    5104.1    547.60
   66.45    5110.3    548.41
   66.49    5113.5    548.81
   66.51    5115.0    549.01
   66.53    5116.6    549.21
   66.91    5146.9    553.09
   67.29    5176.9    556.91
   67.56    5200.0    559.82
   67.80    5220.2    562.35
   68.04    5240.3    564.86
   68.38    5270.3    568.58
   68.71    5300.0    572.25
   68.97    5324.1    575.20
   69.10    5336.1    576.67
   69.22    5348.1    578.13
   69.36    5361.1    579.72
   69.50    5374.1    581.30
   69.63    5387.1    582.87
   69.76    5400.0    584.43
   69.85    5409.5    585.57
   69.90    5414.2    586.14
   69.95    5418.9    586.71
   70.00    5423.6    587.28
   70.04    5428.3    587.84
   70.09    5433.0    588.41
   70.11    5435.3    588.69
   70.12    5436.5    588.83
   70.13    5437.6    588.97
   70.23    5447.9    590.20
   70.30    5454.7    591.02
   70.52    5477.4    593.74
   70.73    5500.0    596.43
   70.82    5509.5    597.57
   70.90    5519.0    598.70
   71.08    5537.9    600.94
   71.13    5544.0    601.66
   71.19    5550.0    602.38
   71.29    5562.1    603.82
   71.46    5581.1    606.07
   71.62    5600.0    608.30
   71.82    5623.1    611.02
   72.04    5650.0    614.20
   72.22    5672.2    616.82
   72.31    5683.3    618.12
   72.40    5694.2    619.41
   72.43    5697.6    619.81
   72.45    5701.0    620.21
   72.58    5718.5    622.32
   72.70    5736.0    624.42
   72.74    5740.7    624.98
   72.77    5745.3    625.54
   72.86    5758.2    627.09
   72.91    5764.6    627.86
   72.95    5771.0    628.63
   73.07    5787.7    630.64
   73.18    5804.2    632.63
   73.23    5812.3    633.61
   73.28    5820.4    634.59
   73.29    5821.0    634.66
   73.38    5834.8    636.34
   73.46    5848.3    637.99
   73.51    5855.1    638.81
   73.55    5861.7    639.63
   73.61    5871.0    640.76
   73.73    5891.1    643.24
   73.82    5906.2    645.10
   73.91    5921.0    646.94
   73.94    5926.9    647.67
   73.98    5932.7    648.40
   73.99    5935.6    648.76
   74.09    5953.5    651.00
   74.14    5962.3    652.11
   74.19    5971.0    653.21
   74.26    5984.5    654.94
   74.35    6001.4    657.13
   74.43    6016.0    659.00
   74.54    6037.7    661.81
   74.65    6059.2    664.59
   74.65    6060.1    664.71
   74.66    6061.0    664.82
   74.75    6080.5    667.35
   74.82    6093.3    669.02
   74.88    6106.0    670.68
   74.91    6111.6    671.40
   74.93    6117.1    672.13
   74.99    6128.2    673.57
   75.00    6130.6    673.89
   75.01    6133.1    674.22
   75.05    6142.1    675.39
   75.08    6146.5    675.97
   75.09    6148.8    676.27
   75.10    6151.0    676.56
   75.17    6168.5    678.97
   75.25    6186.0    681.39
   75.32    6203.5    683.79
   75.40    6221.0    686.20
   75.47    6238.5    688.59
   75.51    6247.2    689.79
   75.55    6256.0    690.99
   75.58    6263.3    691.98
   75.58    6264.0    692.09
   75.64    6277.5    693.93
   75.69    6291.0    695.77
   75.74    6301.0    697.13
   75.78    6311.0    698.49
   75.80    6316.0    699.17
   75.82    6321.0    699.85
   75.84    6326.0    700.53
   75.86    6331.0    701.21
   75.88    6334.9    701.74
   75.89    6338.8    702.27
   75.91    6342.7    702.80
   75.92    6344.6    703.06
   75.93    6346.6    703.33
   75.93    6346.9    703.37
   75.94    6351.4    704.09
   75.95    6353.7    704.45
   75.95    6354.9    704.63
   75.96    6356.0    704.80
   75.98    6363.5    706.16
   75.99    6367.3    706.84
   75.99    6369.1    707.17
   76.00    6370.1    707.34
   76.00    6371.0    707.51
