    0.00    6371.0      0.00
    0.00    6370.1      0.17
    0.01    6369.1      0.35
    0.01    6367.3      0.70
    0.03    6363.5      1.40
    0.05    6356.0      2.79
    0.06    6354.9      2.98
    0.07    6353.7      3.17
    0.08    6351.4      3.54
    0.10    6346.9      4.29
    0.10    6346.6      4.33
    0.11    6344.6      4.62
    0.12    6342.7      4.90
    0.14    6338.8      5.47
    0.16    6334.9      6.04
    0.18    6331.0      6.60
    0.21    6326.0      7.33
    0.24    6321.0      8.06
    0.27    6316.0      8.79
    0.30    6311.0      9.52
    0.35    6301.0     10.98
    0.41    6291.0     12.43
    0.49    6277.5     14.41
    0.57    6264.0     16.38
    0.57    6263.3     16.49
    0.61    6256.0     17.56
    0.66    6247.2     18.85
    0.71    6238.5     20.13
    0.82    6221.0     22.70
    0.92    6203.5     25.29
    1.02    6186.0     27.87
    1.12    6168.5     30.46
    1.23    6151.0     33.05
    1.24    6148.8     33.37
    1.26    6146.5     33.69
    1.29    6142.1     34.33
    1.35    6133.1     35.61
    1.36    6130.6     35.96
    1.38    6128.2     36.31
    1.45    6117.1     37.89
    1.49    6111.6     38.68
    1.53    6106.0     39.48
    1.61    6093.3     41.29
    1.70    6080.5     43.12
    1.84    6061.0     45.90
    1.84    6060.1     46.03
    1.85    6059.2     46.16
    2.00    6037.7     49.22
    2.16    6016.0     52.32
    2.27    6001.4     54.39
    2.39    5984.5     56.81
    2.49    5971.0     58.73
    2.56    5962.3     59.97
    2.63    5953.5     61.21
    2.78    5935.6     63.74
    2.80    5932.7     64.14
    2.85    5926.9     64.97
    2.90    5921.0     65.80
    3.02    5906.2     67.89
    3.15    5891.1     70.01
    3.33    5871.0     72.85
    3.42    5861.7     74.17
    3.48    5855.1     75.11
    3.54    5848.3     76.06
    3.67    5834.8     77.99
    3.80    5821.0     79.94
    3.81    5820.4     80.03
    3.89    5812.3     81.17
    3.97    5804.2     82.33
    4.14    5787.7     84.68
    4.31    5771.0     87.08
    4.38    5764.6     88.00
    4.45    5758.2     88.92
    4.58    5745.3     90.78
    4.63    5740.7     91.45
    4.69    5736.0     92.13
    4.88    5718.5     94.66
    5.07    5701.0     97.22
    5.11    5697.6     97.72
    5.16    5694.2     98.23
    5.30    5683.3     99.87
    5.44    5672.2    101.52
    5.73    5650.0    104.89
    6.11    5623.1    109.03
    6.43    5600.0    112.62
    6.71    5581.1    115.60
    7.00    5562.1    118.62
    7.18    5550.0    120.57
    7.28    5544.0    121.55
    7.37    5537.9    122.54
    7.67    5519.0    125.63
    7.83    5509.5    127.19
    7.98    5500.0    128.78
    8.36    5477.4    132.57
    8.75    5454.7    136.45
    8.87    5447.9    137.63
    9.06    5437.6    139.41
    9.08    5436.5    139.62
    9.10    5435.3    139.82
    9.14    5433.0    140.23
    9.23    5428.3    141.06
    9.32    5423.6    141.89
    9.40    5418.9    142.72
    9.49    5414.2    143.56
    9.58    5409.5    144.40
    9.76    5400.0    146.10
   10.01    5387.1    148.45
   10.26    5374.1    150.84
   10.53    5361.1    153.26
   10.80    5348.1    155.73
   11.05    5336.1    158.02
   11.31    5324.1    160.35
   11.84    5300.0    165.15
   12.54    5270.3    171.27
   13.29    5240.3    177.71
   13.83    5220.2    182.23
   14.39    5200.0    186.94
   15.08    5176.9    192.56
   16.04    5146.9    200.37
   16.58    5131.7    204.65
   17.12    5116.6    208.94
   17.18    5115.0    209.40
   17.24    5113.5    209.86
   17.36    5110.3    210.80
   17.61    5104.1    212.71
   17.77    5100.0    214.00
   18.12    5091.5    216.73
   18.70    5078.8    221.17
   19.28    5066.1    225.61
   19.98    5053.6    230.89
   20.69    5041.2    236.17
   21.39    5028.8    241.46
   22.20    5019.2    247.44
   23.02    5009.6    253.42
   23.83    5000.0    259.40
   24.44    4995.6    263.81
   25.04    4991.1    268.21
   25.86    4988.7    274.14
   26.68    4986.4    280.06
   27.50    4984.0    285.98
   28.32    4986.4    291.91
   29.14    4988.7    297.83
   29.96    4991.1    303.76
   30.56    4995.6    308.16
   31.17    5000.0    312.57
   31.98    5009.6    318.55
   32.80    5019.2    324.53
   33.61    5028.8    330.51
   34.31    5041.2    335.79
   35.02    5053.6    341.08
   35.72    5066.1    346.36
   36.30    5078.8    350.80
   36.88    5091.5    355.23
   37.23    5100.0    357.96
   37.39    5104.1    359.26
   37.64    5110.3    361.17
   37.76    5113.5    362.11
   37.82    5115.0    362.57
   37.88    5116.6    363.03
   38.42    5131.7    367.32
   38.96    5146.9    371.60
   39.92    5176.9    379.41
   40.61    5200.0    385.03
   41.17    5220.2    389.74
   41.71    5240.3    394.25
   42.46    5270.3    400.70
   43.16    5300.0    406.82
   43.69    5324.1    411.61
   43.95    5336.1    413.94
   44.20    5348.1    416.24
   44.47    5361.1    418.71
   44.74    5374.1    421.13
   44.99    5387.1    423.52
   45.24    5400.0    425.87
   45.42    5409.5    427.57
   45.51    5414.2    428.41
   45.60    5418.9    429.25
   45.68    5423.6    430.08
   45.77    5428.3    430.91
   45.86    5433.0    431.73
   45.90    5435.3    432.14
   45.92    5436.5    432.35
   45.94    5437.6    432.55
   46.13    5447.9    434.34
   46.25    5454.7    435.52
   46.64    5477.4    439.40
   47.02    5500.0    443.19
   47.17    5509.5    444.77
   47.33    5519.0    446.34
   47.63    5537.9    449.43
   47.72    5544.0    450.42
   47.82    5550.0    451.40
   48.00    5562.1    453.34
   48.29    5581.1    456.37
   48.57    5600.0    459.35
   48.89    5623.1    462.94
   49.27    5650.0    467.07
   49.56    5672.2    470.45
   49.70    5683.3    472.10
   49.84    5694.2    473.74
   49.89    5697.6    474.24
   49.93    5701.0    474.75
   50.12    5718.5    477.31
   50.31    5736.0    479.84
   50.37    5740.7    480.51
   50.42    5745.3    481.19
   50.55    5758.2    483.04
   50.62    5764.6    483.97
   50.69    5771.0    484.89
   50.86    5787.7    487.29
   51.03    5804.2    489.64
   51.11    5812.3    490.79
   51.19    5820.4    491.94
   51.20    5821.0    492.03
   51.33    5834.8    493.98
   51.46    5848.3    495.91
   51.52    5855.1    496.86
   51.58    5861.7    497.80
   51.67    5871.0    499.11
   51.85    5891.1    501.96
   51.98    5906.2    504.08
   52.10    5921.0    506.17
   52.15    5926.9    507.00
   52.20    5932.7    507.82
   52.22    5935.6    508.23
   52.37    5953.5    510.75
   52.44    5962.3    512.00
   52.51    5971.0    513.23
   52.61    5984.5    515.16
   52.73    6001.4    517.58
   52.84    6016.0    519.65
   53.00    6037.7    522.75
   53.15    6059.2    525.81
   53.16    6060.1    525.94
   53.16    6061.0    526.07
   53.30    6080.5    528.85
   53.39    6093.3    530.67
   53.47    6106.0    532.49
   53.51    6111.6    533.28
   53.55    6117.1    534.08
   53.62    6128.2    535.65
   53.64    6130.6    536.01
   53.65    6133.1    536.36
   53.71    6142.1    537.64
   53.74    6146.5    538.28
   53.76    6148.8    538.60
   53.77    6151.0    538.92
   53.88    6168.5    541.51
   53.98    6186.0    544.10
   54.08    6203.5    546.68
   54.18    6221.0    549.26
   54.29    6238.5    551.84
   54.34    6247.2    553.12
   54.39    6256.0    554.41
   54.43    6263.3    555.47
   54.43    6264.0    555.58
   54.51    6277.5    557.56
   54.59    6291.0    559.53
   54.65    6301.0    560.99
   54.70    6311.0    562.45
   54.73    6316.0    563.18
   54.76    6321.0    563.91
   54.79    6326.0    564.64
   54.82    6331.0    565.37
   54.84    6334.9    565.93
   54.86    6338.8    566.50
   54.88    6342.7    567.07
   54.89    6344.6    567.35
   54.90    6346.6    567.63
   54.90    6346.9    567.68
   54.92    6351.4    568.43
   54.93    6353.7    568.80
   54.94    6354.9    568.99
   54.95    6356.0    569.18
   54.97    6363.5    570.57
   54.99    6367.3    571.27
   54.99    6369.1    571.62
   55.00    6370.1    571.79
   55.00    6371.0    571.97
