    0.00    6371.0      0.00
    0.00    6370.1      0.17
    0.00    6369.1      0.33
    0.01    6367.3      0.67
    0.02    6363.5      1.33
    0.03    6356.0      2.67
    0.04    6354.9      2.84
    0.04    6353.7      3.01
    0.05    6351.4      3.36
    0.06    6346.9      4.06
    0.06    6346.6      4.11
    0.07    6344.6      4.36
    0.07    6342.7      4.62
    0.08    6338.8      5.13
    0.10    6334.9      5.64
    0.11    6331.0      6.15
    0.13    6326.0      6.81
    0.14    6321.0      7.47
    0.16    6316.0      8.12
    0.18    6311.0      8.78
    0.21    6301.0     10.10
    0.24    6291.0     11.41
    0.29    6277.5     13.19
    0.33    6264.0     14.97
    0.33    6263.3     15.07
    0.36    6256.0     16.03
    0.39    6247.2     17.19
    0.42    6238.5     18.34
    0.47    6221.0     20.66
    0.53    6203.5     22.98
    0.59    6186.0     25.30
    0.65    6168.5     27.63
    0.71    6151.0     29.96
    0.72    6148.8     30.24
    0.73    6146.5     30.52
    0.74    6142.1     31.08
    0.78    6133.1     32.21
    0.79    6130.6     32.52
    0.80    6128.2     32.83
    0.84    6117.1     34.21
    0.86    6111.6     34.90
    0.88    6106.0     35.60
    0.93    6093.3     37.19
    0.98    6080.5     38.78
    1.05    6061.0     41.19
    1.06    6060.1     41.31
    1.06    6059.2     41.42
    1.15    6037.7     44.08
    1.23    6016.0     46.75
    1.29    6001.4     48.54
    1.36    5984.5     50.62
    1.42    5971.0     52.27
    1.45    5962.3     53.32
    1.49    5953.5     54.37
    1.57    5935.6     56.49
    1.58    5932.7     56.82
    1.61    5926.9     57.51
    1.63    5921.0     58.20
    1.70    5906.2     59.94
    1.77    5891.1     61.69
    1.86    5871.0     64.02
    1.91    5861.7     65.08
    1.94    5855.1     65.85
    1.97    5848.3     66.62
    2.04    5834.8     68.16
    2.11    5821.0     69.72
    2.11    5820.4     69.79
    2.15    5812.3     70.70
    2.19    5804.2     71.62
    2.28    5787.7     73.47
    2.36    5771.0     75.34
    2.40    5764.6     76.05
    2.43    5758.2     76.76
    2.50    5745.3     78.19
    2.52    5740.7     78.71
    2.55    5736.0     79.23
    2.64    5718.5     81.17
    2.74    5701.0     83.11
    2.76    5697.6     83.48
    2.78    5694.2     83.84
    2.84    5683.3     85.02
    2.91    5672.2     86.20
    3.04    5650.0     88.57
    3.20    5623.1     91.44
    3.35    5600.0     93.89
    3.47    5581.1     95.90
    3.59    5562.1     97.91
    3.67    5550.0     99.19
    3.71    5544.0     99.83
    3.75    5537.9    100.48
    3.87    5519.0    102.48
    3.94    5509.5    103.48
    4.00    5500.0    104.49
    4.15    5477.4    106.88
    4.31    5454.7    109.28
    4.36    5447.9    110.00
    4.43    5437.6    111.09
    4.44    5436.5    111.21
    4.44    5435.3    111.34
    4.46    5433.0    111.59
    4.49    5428.3    112.08
    4.53    5423.6    112.58
    4.56    5418.9    113.08
    4.59    5414.2    113.57
    4.63    5409.5    114.07
    4.69    5400.0    115.07
    4.79    5387.1    116.44
    4.88    5374.1    117.81
    4.98    5361.1    119.19
    5.07    5348.1    120.57
    5.16    5336.1    121.84
    5.25    5324.1    123.11
    5.44    5300.0    125.66
    5.67    5270.3    128.81
    5.91    5240.3    131.99
    6.07    5220.2    134.13
    6.23    5200.0    136.28
    6.43    5176.9    138.73
    6.68    5146.9    141.94
    6.94    5116.6    145.18
    6.95    5115.0    145.34
    6.97    5113.5    145.51
    7.00    5110.3    145.84
    7.05    5104.1    146.51
    7.09    5100.0    146.95
    7.16    5091.5    147.86
    7.39    5066.1    150.59
    7.73    5028.8    154.59
    8.00    5000.0    157.70
    8.09    4991.1    158.66
    8.48    4950.6    163.06
    8.68    4930.1    165.28
    8.89    4909.6    167.52
    8.99    4900.0    168.56
    9.27    4872.3    171.60
    9.47    4853.4    173.67
    9.68    4834.5    175.75
   10.05    4800.0    179.57
   10.11    4794.4    180.19
   10.34    4774.0    182.46
   10.58    4753.5    184.74
   11.01    4716.4    188.90
   11.20    4700.0    190.75
   11.46    4678.8    193.15
   11.93    4640.8    197.48
   12.17    4621.6    199.67
   12.42    4602.4    201.88
   12.45    4600.0    202.17
   12.94    4563.5    206.40
   13.20    4544.0    208.68
   13.48    4524.3    210.99
   13.82    4500.0    213.87
   14.04    4484.7    215.69
   14.63    4444.7    220.49
   14.71    4439.7    221.10
   15.32    4400.0    225.94
   15.66    4378.9    228.53
   15.77    4371.6    229.45
   16.36    4335.9    233.91
   16.98    4300.0    238.47
   17.69    4260.5    243.57
   18.43    4220.8    248.81
   18.63    4210.4    250.20
   18.84    4200.0    251.60
   19.34    4175.1    255.01
   19.85    4150.2    258.43
   20.40    4125.1    261.99
   20.94    4100.0    265.55
   21.18    4089.4    267.08
   21.38    4080.8    268.33
   21.58    4072.3    269.60
   22.45    4036.2    275.00
   22.90    4018.2    277.78
   23.37    4000.0    280.63
   23.88    3981.6    283.60
   24.38    3963.2    286.57
   24.92    3944.6    289.69
   25.46    3926.1    292.82
   25.86    3913.1    295.09
   26.27    3900.0    297.41
   27.12    3875.1    302.07
   27.96    3850.2    306.73
   28.94    3825.1    311.92
   29.91    3800.0    317.11
   30.31    3790.8    319.16
   30.49    3786.6    320.11
   30.68    3782.4    321.06
   31.67    3761.9    326.12
   32.66    3741.3    331.19
   33.49    3727.6    335.24
   34.31    3713.8    339.30
   35.13    3700.0    343.36
   36.09    3690.2    347.94
   37.06    3680.3    352.53
   38.02    3670.5    357.12
   38.99    3660.7    361.71
   39.95    3650.8    366.29
   40.92    3641.0    370.88
   41.74    3638.3    374.69
   42.56    3635.5    378.50
   43.38    3632.8    382.31
   44.20    3630.0    386.12
   45.00    3629.6    389.86
   45.81    3630.0    393.60
   46.63    3632.8    397.41
   47.45    3635.5    401.22
   48.27    3638.3    405.03
   49.09    3641.0    408.84
   50.06    3650.8    413.43
   51.02    3660.7    418.02
   51.99    3670.5    422.61
   52.95    3680.3    427.19
   53.92    3690.2    431.78
   54.88    3700.0    436.37
   55.70    3713.8    440.43
   56.52    3727.6    444.48
   57.34    3741.3    448.54
   58.34    3761.9    453.60
   59.33    3782.4    458.66
   59.52    3786.6    459.62
   59.70    3790.8    460.56
   60.09    3800.0    462.62
   61.07    3825.1    467.80
   62.04    3850.2    472.99
   62.89    3875.1    477.65
   63.74    3900.0    482.31
   64.15    3913.1    484.63
   64.55    3926.1    486.91
   65.09    3944.6    490.03
   65.63    3963.2    493.16
   66.13    3981.6    496.13
   66.63    4000.0    499.10
   67.10    4018.2    501.94
   67.56    4036.2    504.72
   68.43    4072.3    510.13
   68.63    4080.8    511.39
   68.83    4089.4    512.64
   69.07    4100.0    514.18
   69.61    4125.1    517.74
   70.16    4150.2    521.30
   70.66    4175.1    524.71
   71.17    4200.0    528.12
   71.37    4210.4    529.52
   71.57    4220.8    530.91
   72.32    4260.5    536.16
   73.03    4300.0    541.26
   73.64    4335.9    545.82
   74.23    4371.6    550.28
   74.35    4378.9    551.19
   74.69    4400.0    553.79
   75.30    4439.7    558.63
   75.38    4444.7    559.23
   75.97    4484.7    564.04
   76.19    4500.0    565.86
   76.53    4524.3    568.73
   76.80    4544.0    571.04
   77.07    4563.5    573.33
   77.55    4600.0    577.56
   77.59    4602.4    577.84
   77.83    4621.6    580.05
   78.08    4640.8    582.24
   78.55    4678.8    586.57
   78.81    4700.0    588.97
   79.00    4716.4    590.82
   79.43    4753.5    594.98
   79.67    4774.0    597.27
   79.89    4794.4    599.53
   79.96    4800.0    600.16
   80.33    4834.5    603.97
   80.53    4853.4    606.06
   80.73    4872.3    608.13
   81.02    4900.0    611.16
   81.12    4909.6    612.21
   81.32    4930.1    614.45
   81.53    4950.6    616.67
   81.92    4991.1    621.07
   82.01    5000.0    622.02
   82.28    5028.8    625.13
   82.62    5066.1    629.13
   82.85    5091.5    631.87
   82.92    5100.0    632.77
   82.96    5104.1    633.22
   83.01    5110.3    633.88
   83.04    5113.5    634.21
   83.05    5115.0    634.38
   83.07    5116.6    634.55
   83.33    5146.9    637.78
   83.58    5176.9    640.99
   83.77    5200.0    643.45
   83.94    5220.2    645.60
   84.10    5240.3    647.73
   84.34    5270.3    650.91
   84.57    5300.0    654.06
   84.75    5324.1    656.62
   84.84    5336.1    657.89
   84.93    5348.1    659.15
   85.03    5361.1    660.54
   85.13    5374.1    661.91
   85.22    5387.1    663.28
   85.31    5400.0    664.65
   85.38    5409.5    665.65
   85.41    5414.2    666.15
   85.45    5418.9    666.65
   85.48    5423.6    667.15
   85.51    5428.3    667.64
   85.55    5433.0    668.14
   85.56    5435.3    668.39
   85.57    5436.5    668.51
   85.58    5437.6    668.63
   85.65    5447.9    669.72
   85.70    5454.7    670.44
   85.86    5477.4    672.84
   86.01    5500.0    675.23
   86.07    5509.5    676.24
   86.14    5519.0    677.24
   86.26    5537.9    679.25
   86.30    5544.0    679.89
   86.34    5550.0    680.53
   86.42    5562.1    681.82
   86.54    5581.1    683.83
   86.66    5600.0    685.83
   86.80    5623.1    688.28
   86.97    5650.0    691.15
   87.10    5672.2    693.53
   87.17    5683.3    694.71
   87.23    5694.2    695.88
   87.25    5697.6    696.25
   87.27    5701.0    696.61
   87.37    5718.5    698.56
   87.46    5736.0    700.50
   87.48    5740.7    701.01
   87.51    5745.3    701.53
   87.58    5758.2    702.96
   87.61    5764.6    703.68
   87.65    5771.0    704.39
   87.73    5787.7    706.26
   87.82    5804.2    708.11
   87.86    5812.3    709.02
   87.90    5820.4    709.93
   87.90    5821.0    710.00
   87.97    5834.8    711.56
   88.04    5848.3    713.11
   88.07    5855.1    713.88
   88.10    5861.7    714.64
   88.14    5871.0    715.71
   88.24    5891.1    718.04
   88.31    5906.2    719.79
   88.37    5921.0    721.52
   88.40    5926.9    722.21
   88.43    5932.7    722.90
   88.44    5935.6    723.24
   88.52    5953.5    725.36
   88.56    5962.3    726.41
   88.59    5971.0    727.45
   88.65    5984.5    729.10
   88.72    6001.4    731.18
   88.78    6016.0    732.97
   88.86    6037.7    735.65
   88.95    6059.2    738.30
   88.95    6060.1    738.42
   88.95    6061.0    738.53
   89.03    6080.5    740.95
   89.08    6093.3    742.54
   89.13    6106.0    744.13
   89.15    6111.6    744.82
   89.17    6117.1    745.51
   89.21    6128.2    746.90
   89.22    6130.6    747.21
   89.23    6133.1    747.52
   89.26    6142.1    748.64
   89.28    6146.5    749.20
   89.29    6148.8    749.48
   89.30    6151.0    749.76
   89.36    6168.5    752.09
   89.42    6186.0    754.42
   89.47    6203.5    756.74
   89.53    6221.0    759.07
   89.59    6238.5    761.38
   89.62    6247.2    762.54
   89.65    6256.0    763.70
   89.68    6263.3    764.66
   89.68    6264.0    764.76
   89.72    6277.5    766.53
   89.77    6291.0    768.31
   89.80    6301.0    769.63
   89.83    6311.0    770.94
   89.85    6316.0    771.60
   89.87    6321.0    772.26
   89.88    6326.0    772.91
   89.90    6331.0    773.57
   89.91    6334.9    774.08
   89.92    6338.8    774.59
   89.94    6342.7    775.11
   89.94    6344.6    775.36
   89.95    6346.6    775.62
   89.95    6346.9    775.66
   89.96    6351.4    776.36
   89.97    6353.7    776.71
   89.97    6354.9    776.88
   89.97    6356.0    777.06
   89.99    6363.5    778.39
   90.00    6367.3    779.06
   90.00    6369.1    779.39
   90.01    6370.1    779.56
   90.01    6371.0    779.72
