    0.00    6371.0      0.00
    0.00    6370.1      0.17
    0.00    6369.1      0.33
    0.01    6367.3      0.67
    0.02    6363.5      1.33
    0.03    6356.0      2.67
    0.04    6354.9      2.84
    0.04    6353.7      3.02
    0.05    6351.4      3.37
    0.06    6346.9      4.07
    0.06    6346.6      4.11
    0.07    6344.6      4.37
    0.07    6342.7      4.62
    0.09    6338.8      5.14
    0.10    6334.9      5.65
    0.11    6331.0      6.16
    0.13    6326.0      6.82
    0.14    6321.0      7.48
    0.16    6316.0      8.13
    0.18    6311.0      8.79
    0.21    6301.0     10.11
    0.24    6291.0     11.43
    0.29    6277.5     13.21
    0.33    6264.0     14.99
    0.34    6263.3     15.09
    0.36    6256.0     16.05
    0.39    6247.2     17.21
    0.42    6238.5     18.37
    0.48    6221.0     20.69
    0.54    6203.5     23.01
    0.60    6186.0     25.34
    0.66    6168.5     27.67
    0.72    6151.0     30.01
    0.73    6148.8     30.29
    0.74    6146.5     30.57
    0.75    6142.1     31.13
    0.79    6133.1     32.26
    0.80    6130.6     32.57
    0.81    6128.2     32.88
    0.85    6117.1     34.26
    0.87    6111.6     34.96
    0.89    6106.0     35.65
    0.94    6093.3     37.24
    0.99    6080.5     38.84
    1.07    6061.0     41.26
    1.07    6060.1     41.38
    1.08    6059.2     41.49
    1.16    6037.7     44.15
    1.25    6016.0     46.83
    1.31    6001.4     48.62
    1.38    5984.5     50.71
    1.44    5971.0     52.36
    1.47    5962.3     53.41
    1.51    5953.5     54.46
    1.59    5935.6     56.59
    1.60    5932.7     56.93
    1.63    5926.9     57.62
    1.66    5921.0     58.31
    1.72    5906.2     60.05
    1.80    5891.1     61.80
    1.89    5871.0     64.14
    1.94    5861.7     65.21
    1.97    5855.1     65.97
    2.00    5848.3     66.74
    2.07    5834.8     68.30
    2.14    5821.0     69.86
    2.14    5820.4     69.93
    2.18    5812.3     70.85
    2.22    5804.2     71.76
    2.31    5787.7     73.62
    2.40    5771.0     75.49
    2.43    5764.6     76.21
    2.46    5758.2     76.92
    2.53    5745.3     78.36
    2.56    5740.7     78.88
    2.58    5736.0     79.40
    2.68    5718.5     81.34
    2.78    5701.0     83.30
    2.80    5697.6     83.66
    2.82    5694.2     84.03
    2.88    5683.3     85.21
    2.95    5672.2     86.39
    3.08    5650.0     88.78
    3.25    5623.1     91.66
    3.40    5600.0     94.13
    3.52    5581.1     96.14
    3.64    5562.1     98.16
    3.72    5550.0     99.45
    3.76    5544.0    100.09
    3.80    5537.9    100.74
    3.93    5519.0    102.75
    3.99    5509.5    103.76
    4.06    5500.0    104.77
    4.22    5477.4    107.17
    4.37    5454.7    109.59
    4.42    5447.9    110.31
    4.50    5437.6    111.41
    4.50    5436.5    111.53
    4.51    5435.3    111.66
    4.53    5433.0    111.91
    4.56    5428.3    112.40
    4.60    5423.6    112.90
    4.63    5418.9    113.40
    4.66    5414.2    113.91
    4.70    5409.5    114.41
    4.77    5400.0    115.41
    4.86    5387.1    116.79
    4.96    5374.1    118.17
    5.06    5361.1    119.55
    5.15    5348.1    120.94
    5.24    5336.1    122.21
    5.34    5324.1    123.49
    5.52    5300.0    126.06
    5.76    5270.3    129.23
    6.00    5240.3    132.43
    6.17    5220.2    134.58
    6.33    5200.0    136.75
    6.53    5176.9    139.22
    6.79    5146.9    142.45
    7.06    5116.6    145.71
    7.07    5115.0    145.88
    7.08    5113.5    146.05
    7.11    5110.3    146.38
    7.17    5104.1    147.05
    7.20    5100.0    147.50
    7.28    5091.5    148.41
    7.51    5066.1    151.16
    7.86    5028.8    155.20
    8.14    5000.0    158.33
    8.22    4991.1    159.30
    8.63    4950.6    163.73
    8.83    4930.1    165.98
    9.04    4909.6    168.23
    9.14    4900.0    169.29
    9.44    4872.3    172.36
    9.64    4853.4    174.45
    9.85    4834.5    176.55
   10.23    4800.0    180.40
   10.30    4794.4    181.04
   10.53    4774.0    183.33
   10.77    4753.5    185.64
   11.21    4716.4    189.85
   11.41    4700.0    191.71
   11.67    4678.8    194.14
   12.16    4640.8    198.53
   12.40    4621.6    200.75
   12.66    4602.4    202.99
   12.69    4600.0    203.27
   13.19    4563.5    207.56
   13.46    4544.0    209.88
   13.74    4524.3    212.23
   14.09    4500.0    215.15
   14.32    4484.7    216.99
   14.93    4444.7    221.88
   15.01    4439.7    222.49
   15.64    4400.0    227.42
   15.98    4378.9    230.06
   16.11    4371.6    230.99
   16.71    4335.9    235.54
   17.35    4300.0    240.20
   18.08    4260.5    245.41
   18.86    4220.8    250.78
   19.06    4210.4    252.21
   19.28    4200.0    253.64
   19.80    4175.1    257.15
   20.33    4150.2    260.66
   20.90    4125.1    264.33
   21.47    4100.0    268.00
   21.72    4089.4    269.59
   21.93    4080.8    270.88
   22.14    4072.3    272.19
   23.05    4036.2    277.79
   23.53    4018.2    280.69
   24.02    4000.0    283.65
   24.55    3981.6    286.76
   25.09    3963.2    289.87
   25.66    3944.6    293.16
   26.24    3926.1    296.45
   26.67    3913.1    298.85
   27.11    3900.0    301.32
   28.03    3875.1    306.30
   28.94    3850.2    311.29
   29.66    3833.5    315.08
   30.38    3816.7    318.86
   31.10    3800.0    322.64
   31.54    3790.8    324.92
   31.75    3786.6    325.98
   31.96    3782.4    327.06
   32.73    3768.7    330.94
   33.51    3755.0    334.83
   34.28    3741.3    338.72
   35.07    3731.0    342.55
   35.85    3720.7    346.38
   36.64    3710.3    350.21
   37.42    3700.0    354.04
   38.31    3695.3    358.23
   39.19    3690.7    362.41
   40.08    3686.0    366.60
   40.96    3681.3    370.78
   41.85    3676.6    374.97
   42.73    3672.0    379.15
   43.62    3667.3    383.33
   44.50    3662.6    387.52
   45.38    3667.3    391.70
   46.27    3672.0    395.89
   47.15    3676.6    400.07
   48.04    3681.3    404.26
   48.92    3686.0    408.44
   49.81    3690.7    412.63
   50.69    3695.3    416.81
   51.58    3700.0    421.00
   52.36    3710.3    424.83
   53.15    3720.7    428.66
   53.93    3731.0    432.49
   54.72    3741.3    436.32
   55.49    3755.0    440.21
   56.27    3768.7    444.09
   57.04    3782.4    447.98
   57.25    3786.6    449.06
   57.46    3790.8    450.11
   57.90    3800.0    452.40
   58.62    3816.7    456.18
   59.34    3833.5    459.96
   60.06    3850.2    463.74
   60.97    3875.1    468.73
   61.89    3900.0    473.72
   62.33    3913.1    476.19
   62.76    3926.1    478.59
   63.34    3944.6    481.88
   63.91    3963.2    485.17
   64.45    3981.6    488.28
   64.98    4000.0    491.39
   65.47    4018.2    494.35
   65.95    4036.2    497.25
   66.86    4072.3    502.85
   67.07    4080.8    504.16
   67.28    4089.4    505.45
   67.53    4100.0    507.04
   68.10    4125.1    510.71
   68.67    4150.2    514.38
   69.20    4175.1    517.89
   69.72    4200.0    521.39
   69.94    4210.4    522.83
   70.14    4220.8    524.26
   70.92    4260.5    529.63
   71.65    4300.0    534.84
   72.29    4335.9    539.50
   72.89    4371.6    544.04
   73.02    4378.9    544.97
   73.36    4400.0    547.62
   73.99    4439.7    552.55
   74.07    4444.7    553.16
   74.68    4484.7    558.05
   74.91    4500.0    559.89
   75.26    4524.3    562.81
   75.54    4544.0    565.16
   75.81    4563.5    567.48
   76.31    4600.0    571.76
   76.34    4602.4    572.05
   76.60    4621.6    574.29
   76.84    4640.8    576.51
   77.33    4678.8    580.90
   77.59    4700.0    583.32
   77.79    4716.4    585.19
   78.23    4753.5    589.40
   78.47    4774.0    591.71
   78.70    4794.4    594.00
   78.77    4800.0    594.63
   79.15    4834.5    598.49
   79.36    4853.4    600.59
   79.56    4872.3    602.68
   79.86    4900.0    605.75
   79.96    4909.6    606.80
   80.17    4930.1    609.06
   80.37    4950.6    611.30
   80.78    4991.1    615.74
   80.86    5000.0    616.70
   81.14    5028.8    619.84
   81.49    5066.1    623.87
   81.72    5091.5    626.63
   81.80    5100.0    627.54
   81.83    5104.1    627.99
   81.89    5110.3    628.66
   81.92    5113.5    628.99
   81.93    5115.0    629.16
   81.94    5116.6    629.33
   82.21    5146.9    632.59
   82.47    5176.9    635.82
   82.67    5200.0    638.29
   82.83    5220.2    640.45
   83.00    5240.3    642.61
   83.24    5270.3    645.81
   83.48    5300.0    648.98
   83.66    5324.1    651.55
   83.76    5336.1    652.82
   83.85    5348.1    654.10
   83.94    5361.1    655.49
   84.04    5374.1    656.87
   84.14    5387.1    658.25
   84.23    5400.0    659.63
   84.30    5409.5    660.63
   84.34    5414.2    661.13
   84.37    5418.9    661.63
   84.40    5423.6    662.13
   84.44    5428.3    662.63
   84.47    5433.0    663.13
   84.49    5435.3    663.38
   84.50    5436.5    663.51
   84.50    5437.6    663.63
   84.58    5447.9    664.72
   84.63    5454.7    665.45
   84.78    5477.4    667.86
   84.94    5500.0    670.26
   85.01    5509.5    671.28
   85.07    5519.0    672.29
   85.20    5537.9    674.30
   85.24    5544.0    674.94
   85.28    5550.0    675.59
   85.36    5562.1    676.88
   85.48    5581.1    678.90
   85.60    5600.0    680.91
   85.75    5623.1    683.37
   85.92    5650.0    686.26
   86.05    5672.2    688.65
   86.12    5683.3    689.83
   86.18    5694.2    691.01
   86.20    5697.6    691.38
   86.22    5701.0    691.74
   86.32    5718.5    693.69
   86.42    5736.0    695.64
   86.44    5740.7    696.16
   86.47    5745.3    696.68
   86.54    5758.2    698.12
   86.57    5764.6    698.83
   86.60    5771.0    699.55
   86.69    5787.7    701.42
   86.78    5804.2    703.27
   86.82    5812.3    704.19
   86.86    5820.4    705.11
   86.86    5821.0    705.18
   86.93    5834.8    706.74
   87.00    5848.3    708.29
   87.03    5855.1    709.06
   87.06    5861.7    709.83
   87.11    5871.0    710.90
   87.20    5891.1    713.24
   87.28    5906.2    714.99
   87.34    5921.0    716.73
   87.37    5926.9    717.42
   87.40    5932.7    718.11
   87.41    5935.6    718.45
   87.49    5953.5    720.58
   87.53    5962.3    721.63
   87.56    5971.0    722.67
   87.62    5984.5    724.33
   87.69    6001.4    726.41
   87.75    6016.0    728.21
   87.84    6037.7    730.89
   87.92    6059.2    733.55
   87.93    6060.1    733.66
   87.93    6061.0    733.78
   88.01    6080.5    736.20
   88.06    6093.3    737.79
   88.11    6106.0    739.38
   88.13    6111.6    740.08
   88.15    6117.1    740.78
   88.19    6128.2    742.16
   88.20    6130.6    742.47
   88.21    6133.1    742.78
   88.25    6142.1    743.91
   88.26    6146.5    744.47
   88.27    6148.8    744.75
   88.28    6151.0    745.03
   88.34    6168.5    747.36
   88.40    6186.0    749.70
   88.46    6203.5    752.02
   88.52    6221.0    754.35
   88.58    6238.5    756.67
   88.61    6247.2    757.83
   88.64    6256.0    758.99
   88.66    6263.3    759.95
   88.67    6264.0    760.05
   88.71    6277.5    761.83
   88.76    6291.0    763.61
   88.79    6301.0    764.93
   88.82    6311.0    766.25
   88.84    6316.0    766.91
   88.86    6321.0    767.56
   88.87    6326.0    768.22
   88.89    6331.0    768.88
   88.90    6334.9    769.39
   88.91    6338.8    769.90
   88.93    6342.7    770.42
   88.93    6344.6    770.67
   88.94    6346.6    770.93
   88.94    6346.9    770.97
   88.95    6351.4    771.67
   88.96    6353.7    772.02
   88.96    6354.9    772.20
   88.97    6356.0    772.37
   88.98    6363.5    773.70
   88.99    6367.3    774.37
   89.00    6369.1    774.71
   89.00    6370.1    774.87
   89.00    6371.0    775.04
