    0.00    6371.0      0.00
    0.00    6370.1      0.17
    0.01    6369.1      0.35
    0.01    6367.3      0.70
    0.03    6363.5      1.39
    0.05    6356.0      2.79
    0.06    6354.9      2.97
    0.06    6353.7      3.16
    0.07    6351.4      3.53
    0.09    6346.9      4.28
    0.10    6346.6      4.33
    0.11    6344.6      4.61
    0.12    6342.7      4.89
    0.14    6338.8      5.46
    0.16    6334.9      6.02
    0.18    6331.0      6.58
    0.21    6326.0      7.31
    0.24    6321.0      8.04
    0.27    6316.0      8.76
    0.29    6311.0      9.49
    0.35    6301.0     10.94
    0.41    6291.0     12.39
    0.48    6277.5     14.36
    0.56    6264.0     16.33
    0.56    6263.3     16.44
    0.60    6256.0     17.50
    0.65    6247.2     18.78
    0.70    6238.5     20.06
    0.80    6221.0     22.62
    0.90    6203.5     25.19
    1.01    6186.0     27.76
    1.11    6168.5     30.35
    1.21    6151.0     32.93
    1.22    6148.8     33.24
    1.24    6146.5     33.56
    1.27    6142.1     34.20
    1.33    6133.1     35.47
    1.34    6130.6     35.82
    1.36    6128.2     36.17
    1.43    6117.1     37.74
    1.47    6111.6     38.53
    1.51    6106.0     39.32
    1.59    6093.3     41.13
    1.68    6080.5     42.94
    1.81    6061.0     45.70
    1.82    6060.1     45.83
    1.82    6059.2     45.96
    1.97    6037.7     49.01
    2.13    6016.0     52.09
    2.23    6001.4     54.15
    2.36    5984.5     56.55
    2.45    5971.0     58.47
    2.52    5962.3     59.69
    2.59    5953.5     60.93
    2.73    5935.6     63.43
    2.76    5932.7     63.84
    2.81    5926.9     64.65
    2.85    5921.0     65.48
    2.98    5906.2     67.55
    3.11    5891.1     69.66
    3.28    5871.0     72.48
    3.36    5861.7     73.78
    3.42    5855.1     74.71
    3.49    5848.3     75.66
    3.61    5834.8     77.56
    3.74    5821.0     79.50
    3.75    5820.4     79.58
    3.83    5812.3     80.72
    3.90    5804.2     81.86
    4.07    5787.7     84.19
    4.24    5771.0     86.56
    4.30    5764.6     87.47
    4.37    5758.2     88.39
    4.51    5745.3     90.22
    4.56    5740.7     90.89
    4.61    5736.0     91.55
    4.79    5718.5     94.05
    4.98    5701.0     96.58
    5.02    5697.6     97.08
    5.07    5694.2     97.57
    5.20    5683.3     99.18
    5.34    5672.2    100.81
    5.63    5650.0    104.13
    5.99    5623.1    108.19
    6.31    5600.0    111.71
    6.58    5581.1    114.63
    6.85    5562.1    117.59
    7.03    5550.0    119.49
    7.12    5544.0    120.45
    7.22    5537.9    121.41
    7.51    5519.0    124.43
    7.65    5509.5    125.96
    7.81    5500.0    127.51
    8.17    5477.4    131.20
    8.55    5454.7    134.98
    8.67    5447.9    136.12
    8.84    5437.6    137.86
    8.86    5436.5    138.06
    8.88    5435.3    138.26
    8.92    5433.0    138.66
    9.01    5428.3    139.46
    9.09    5423.6    140.26
    9.17    5418.9    141.07
    9.26    5414.2    141.88
    9.34    5409.5    142.70
    9.51    5400.0    144.35
    9.75    5387.1    146.62
   10.00    5374.1    148.92
   10.25    5361.1    151.27
   10.51    5348.1    153.65
   10.75    5336.1    155.85
   10.99    5324.1    158.09
   11.50    5300.0    162.69
   12.16    5270.3    168.53
   12.87    5240.3    174.66
   13.37    5220.2    178.92
   13.89    5200.0    183.35
   14.53    5176.9    188.60
   15.41    5146.9    195.81
   16.38    5116.6    203.60
   16.43    5115.0    204.02
   16.49    5113.5    204.44
   16.59    5110.3    205.28
   16.81    5104.1    206.99
   16.96    5100.0    208.14
   17.26    5091.5    210.55
   18.26    5066.1    218.23
   19.10    5047.4    224.67
   19.95    5028.8    231.10
   20.77    5014.4    237.21
   21.59    5000.0    243.32
   22.20    4991.1    247.76
   23.17    4984.5    254.73
   24.13    4977.8    261.70
   25.10    4971.1    268.67
   26.07    4964.5    275.64
   27.03    4957.8    282.61
   28.00    4951.1    289.58
   28.97    4957.8    296.55
   29.93    4964.5    303.51
   30.90    4971.1    310.48
   31.87    4977.8    317.45
   32.83    4984.5    324.42
   33.80    4991.1    331.39
   34.41    5000.0    335.83
   35.23    5014.4    341.94
   36.05    5028.8    348.05
   36.90    5047.4    354.48
   37.74    5066.1    360.92
   38.74    5091.5    368.60
   39.04    5100.0    371.02
   39.19    5104.1    372.17
   39.41    5110.3    373.87
   39.51    5113.5    374.72
   39.57    5115.0    375.13
   39.62    5116.6    375.55
   40.59    5146.9    383.34
   41.47    5176.9    390.55
   42.11    5200.0    395.80
   42.63    5220.2    400.23
   43.13    5240.3    404.49
   43.84    5270.3    410.62
   44.50    5300.0    416.46
   45.01    5324.1    421.06
   45.25    5336.1    423.30
   45.49    5348.1    425.51
   45.75    5361.1    427.89
   46.00    5374.1    430.23
   46.25    5387.1    432.53
   46.49    5400.0    434.81
   46.66    5409.5    436.45
   46.74    5414.2    437.27
   46.83    5418.9    438.08
   46.91    5423.6    438.89
   46.99    5428.3    439.70
   47.08    5433.0    440.50
   47.12    5435.3    440.90
   47.14    5436.5    441.09
   47.16    5437.6    441.29
   47.33    5447.9    443.03
   47.45    5454.7    444.17
   47.83    5477.4    447.95
   48.19    5500.0    451.65
   48.35    5509.5    453.19
   48.49    5519.0    454.72
   48.78    5537.9    457.74
   48.88    5544.0    458.70
   48.97    5550.0    459.66
   49.15    5562.1    461.57
   49.42    5581.1    464.53
   49.69    5600.0    467.44
   50.01    5623.1    470.96
   50.37    5650.0    475.03
   50.66    5672.2    478.34
   50.80    5683.3    479.97
   50.93    5694.2    481.58
   50.98    5697.6    482.08
   51.02    5701.0    482.57
   51.21    5718.5    485.10
   51.39    5736.0    487.60
   51.44    5740.7    488.27
   51.49    5745.3    488.93
   51.63    5758.2    490.77
   51.70    5764.6    491.68
   51.76    5771.0    492.59
   51.93    5787.7    494.96
   52.10    5804.2    497.29
   52.17    5812.3    498.43
   52.25    5820.4    499.57
   52.26    5821.0    499.65
   52.39    5834.8    501.59
   52.51    5848.3    503.50
   52.58    5855.1    504.44
   52.64    5861.7    505.37
   52.72    5871.0    506.67
   52.89    5891.1    509.49
   53.02    5906.2    511.60
   53.15    5921.0    513.68
   53.20    5926.9    514.50
   53.24    5932.7    515.32
   53.27    5935.6    515.72
   53.41    5953.5    518.22
   53.48    5962.3    519.46
   53.55    5971.0    520.69
   53.65    5984.5    522.60
   53.77    6001.4    525.00
   53.87    6016.0    527.07
   54.03    6037.7    530.14
   54.18    6059.2    533.19
   54.18    6060.1    533.32
   54.19    6061.0    533.45
   54.32    6080.5    536.21
   54.41    6093.3    538.02
   54.49    6106.0    539.83
   54.53    6111.6    540.62
   54.57    6117.1    541.41
   54.64    6128.2    542.98
   54.66    6130.6    543.33
   54.67    6133.1    543.68
   54.73    6142.1    544.96
   54.76    6146.5    545.59
   54.78    6148.8    545.91
   54.79    6151.0    546.23
   54.89    6168.5    548.81
   54.99    6186.0    551.39
   55.10    6203.5    553.96
   55.20    6221.0    556.53
   55.30    6238.5    559.09
   55.35    6247.2    560.37
   55.40    6256.0    561.65
   55.44    6263.3    562.72
   55.44    6264.0    562.83
   55.52    6277.5    564.79
   55.59    6291.0    566.76
   55.65    6301.0    568.21
   55.71    6311.0    569.67
   55.73    6316.0    570.39
   55.76    6321.0    571.12
   55.79    6326.0    571.84
   55.82    6331.0    572.57
   55.84    6334.9    573.13
   55.86    6338.8    573.70
   55.88    6342.7    574.26
   55.89    6344.6    574.54
   55.90    6346.6    574.83
   55.91    6346.9    574.87
   55.93    6351.4    575.62
   55.94    6353.7    575.99
   55.94    6354.9    576.18
   55.95    6356.0    576.36
   55.97    6363.5    577.76
   55.99    6367.3    578.46
   55.99    6369.1    578.80
   56.00    6370.1    578.98
   56.00    6371.0    579.15
