    0.00    6371.0      0.00
    0.00    6370.1      0.17
    0.01    6369.1      0.35
    0.01    6367.3      0.69
    0.03    6363.5      1.38
    0.05    6356.0      2.77
    0.06    6354.9      2.95
    0.06    6353.7      3.13
    0.07    6351.4      3.50
    0.09    6346.9      4.24
    0.09    6346.6      4.29
    0.10    6344.6      4.56
    0.11    6342.7      4.84
    0.13    6338.8      5.39
    0.15    6334.9      5.95
    0.17    6331.0      6.50
    0.20    6326.0      7.22
    0.22    6321.0      7.93
    0.25    6316.0      8.64
    0.27    6311.0      9.35
    0.33    6301.0     10.78
    0.38    6291.0     12.21
    0.45    6277.5     14.14
    0.52    6264.0     16.07
    0.53    6263.3     16.17
    0.56    6256.0     17.22
    0.61    6247.2     18.47
    0.66    6238.5     19.73
    0.75    6221.0     22.24
    0.84    6203.5     24.77
    0.94    6186.0     27.29
    1.03    6168.5     29.82
    1.13    6151.0     32.35
    1.14    6148.8     32.66
    1.15    6146.5     32.97
    1.18    6142.1     33.59
    1.24    6133.1     34.84
    1.25    6130.6     35.18
    1.27    6128.2     35.52
    1.33    6117.1     37.06
    1.37    6111.6     37.83
    1.40    6106.0     38.60
    1.48    6093.3     40.36
    1.56    6080.5     42.13
    1.68    6061.0     44.82
    1.69    6060.1     44.95
    1.70    6059.2     45.07
    1.83    6037.7     48.04
    1.98    6016.0     51.04
    2.07    6001.4     53.04
    2.19    5984.5     55.38
    2.28    5971.0     57.24
    2.34    5962.3     58.43
    2.40    5953.5     59.63
    2.54    5935.6     62.05
    2.56    5932.7     62.44
    2.60    5926.9     63.23
    2.64    5921.0     64.02
    2.76    5906.2     66.03
    2.88    5891.1     68.06
    3.04    5871.0     70.77
    3.11    5861.7     72.02
    3.17    5855.1     72.92
    3.22    5848.3     73.82
    3.34    5834.8     75.65
    3.46    5821.0     77.50
    3.46    5820.4     77.58
    3.53    5812.3     78.67
    3.60    5804.2     79.76
    3.75    5787.7     81.98
    3.90    5771.0     84.24
    3.96    5764.6     85.10
    4.02    5758.2     85.97
    4.15    5745.3     87.71
    4.19    5740.7     88.34
    4.24    5736.0     88.97
    4.40    5718.5     91.34
    4.57    5701.0     93.73
    4.61    5697.6     94.20
    4.65    5694.2     94.66
    4.77    5683.3     96.16
    4.89    5672.2     97.68
    5.14    5650.0    100.75
    5.46    5623.1    104.51
    5.74    5600.0    107.74
    5.97    5581.1    110.42
    6.21    5562.1    113.12
    6.37    5550.0    114.85
    6.45    5544.0    115.73
    6.52    5537.9    116.60
    6.77    5519.0    119.34
    6.90    5509.5    120.72
    7.03    5500.0    122.11
    7.34    5477.4    125.43
    7.66    5454.7    128.81
    7.76    5447.9    129.82
    7.91    5437.6    131.37
    7.93    5436.5    131.54
    7.95    5435.3    131.72
    7.98    5433.0    132.07
    8.05    5428.3    132.78
    8.12    5423.6    133.49
    8.19    5418.9    134.21
    8.26    5414.2    134.93
    8.33    5409.5    135.65
    8.47    5400.0    137.09
    8.67    5387.1    139.09
    8.88    5374.1    141.10
    9.08    5361.1    143.13
    9.29    5348.1    145.19
    9.49    5336.1    147.09
    9.69    5324.1    149.01
   10.10    5300.0    152.92
   10.63    5270.3    157.83
   11.18    5240.3    162.89
   11.57    5220.2    166.36
   11.97    5200.0    169.91
   12.44    5176.9    174.05
   13.08    5146.9    179.59
   13.77    5116.6    185.36
   13.80    5115.0    185.66
   13.84    5113.5    185.97
   13.91    5110.3    186.57
   14.06    5104.1    187.79
   14.16    5100.0    188.61
   14.36    5091.5    190.30
   15.00    5066.1    195.50
   16.00    5028.8    203.48
   16.83    5000.0    210.03
   17.10    4991.1    212.12
   17.77    4970.8    217.19
   18.43    4950.6    222.26
   19.17    4930.1    227.79
   19.98    4909.6    233.73
   20.38    4900.0    236.66
   21.01    4886.1    241.26
   21.65    4872.3    245.85
   22.64    4853.4    252.92
   23.22    4844.0    256.99
   23.80    4834.5    261.05
   24.79    4823.0    267.92
   25.79    4811.5    274.79
   26.78    4800.0    281.67
   27.55    4794.4    286.94
   28.53    4791.2    293.62
   29.52    4788.0    300.30
   30.50    4784.9    306.98
   31.48    4788.0    313.67
   32.47    4791.2    320.35
   33.45    4794.4    327.03
   34.22    4800.0    332.30
   35.21    4811.5    339.17
   36.21    4823.0    346.05
   37.20    4834.5    352.92
   37.78    4844.0    356.98
   38.36    4853.4    361.04
   39.35    4872.3    368.11
   39.99    4886.1    372.71
   40.62    4900.0    377.31
   41.02    4909.6    380.24
   41.83    4930.1    386.18
   42.57    4950.6    391.71
   43.23    4970.8    396.78
   43.90    4991.1    401.85
   44.17    5000.0    403.94
   45.00    5028.8    410.49
   46.00    5066.1    418.47
   46.64    5091.5    423.67
   46.84    5100.0    425.36
   46.94    5104.1    426.18
   47.09    5110.3    427.40
   47.16    5113.5    428.00
   47.20    5115.0    428.30
   47.23    5116.6    428.61
   47.92    5146.9    434.38
   48.56    5176.9    439.92
   49.03    5200.0    444.06
   49.43    5220.2    447.61
   49.82    5240.3    451.08
   50.37    5270.3    456.14
   50.90    5300.0    461.05
   51.31    5324.1    464.96
   51.51    5336.1    466.88
   51.71    5348.1    468.78
   51.92    5361.1    470.83
   52.12    5374.1    472.87
   52.33    5387.1    474.88
   52.53    5400.0    476.87
   52.67    5409.5    478.32
   52.74    5414.2    479.04
   52.81    5418.9    479.76
   52.88    5423.6    480.47
   52.95    5428.3    481.19
   53.02    5433.0    481.90
   53.05    5435.3    482.25
   53.07    5436.5    482.43
   53.09    5437.6    482.60
   53.24    5447.9    484.15
   53.34    5454.7    485.16
   53.66    5477.4    488.54
   53.97    5500.0    491.86
   54.10    5509.5    493.25
   54.23    5519.0    494.63
   54.48    5537.9    497.37
   54.55    5544.0    498.24
   54.63    5550.0    499.12
   54.79    5562.1    500.85
   55.03    5581.1    503.55
   55.26    5600.0    506.22
   55.54    5623.1    509.46
   55.86    5650.0    513.22
   56.11    5672.2    516.29
   56.23    5683.3    517.81
   56.35    5694.2    519.31
   56.39    5697.6    519.77
   56.43    5701.0    520.24
   56.60    5718.5    522.63
   56.76    5736.0    525.00
   56.81    5740.7    525.63
   56.85    5745.3    526.26
   56.98    5758.2    528.00
   57.04    5764.6    528.87
   57.10    5771.0    529.73
   57.25    5787.7    531.99
   57.40    5804.2    534.21
   57.47    5812.3    535.30
   57.54    5820.4    536.39
   57.54    5821.0    536.47
   57.66    5834.8    538.32
   57.78    5848.3    540.15
   57.83    5855.1    541.05
   57.89    5861.7    541.95
   57.96    5871.0    543.20
   58.12    5891.1    545.91
   58.24    5906.2    547.94
   58.36    5921.0    549.95
   58.40    5926.9    550.74
   58.44    5932.7    551.53
   58.46    5935.6    551.92
   58.60    5953.5    554.34
   58.66    5962.3    555.54
   58.72    5971.0    556.73
   58.81    5984.5    558.59
   58.93    6001.4    560.93
   59.02    6016.0    562.93
   59.17    6037.7    565.93
   59.30    6059.2    568.89
   59.31    6060.1    569.02
   59.32    6061.0    569.15
   59.44    6080.5    571.84
   59.52    6093.3    573.61
   59.60    6106.0    575.37
   59.63    6111.6    576.14
   59.67    6117.1    576.91
   59.73    6128.2    578.45
   59.75    6130.6    578.79
   59.76    6133.1    579.13
   59.82    6142.1    580.38
   59.85    6146.5    581.00
   59.86    6148.8    581.31
   59.87    6151.0    581.61
   59.97    6168.5    584.15
   60.06    6186.0    586.68
   60.16    6203.5    589.20
   60.25    6221.0    591.73
   60.34    6238.5    594.24
   60.39    6247.2    595.50
   60.44    6256.0    596.75
   60.47    6263.3    597.80
   60.48    6264.0    597.90
   60.55    6277.5    599.83
   60.62    6291.0    601.76
   60.67    6301.0    603.19
   60.73    6311.0    604.62
   60.75    6316.0    605.33
   60.78    6321.0    606.04
   60.80    6326.0    606.75
   60.83    6331.0    607.47
   60.85    6334.9    608.02
   60.87    6338.8    608.57
   60.89    6342.7    609.13
   60.90    6344.6    609.41
   60.91    6346.6    609.68
   60.91    6346.9    609.73
   60.93    6351.4    610.47
   60.94    6353.7    610.84
   60.94    6354.9    611.02
   60.95    6356.0    611.20
   60.97    6363.5    612.59
   60.99    6367.3    613.28
   60.99    6369.1    613.62
   61.00    6370.1    613.80
   61.00    6371.0    613.97
