    0.00    6371.0      0.00
    0.00    6370.1      0.18
    0.01    6369.1      0.36
    0.02    6367.3      0.72
    0.03    6363.5      1.45
    0.07    6356.0      2.90
    0.07    6354.9      3.09
    0.08    6353.7      3.29
    0.09    6351.4      3.68
    0.12    6346.9      4.47
    0.12    6346.6      4.52
    0.13    6344.6      4.83
    0.15    6342.7      5.14
    0.18    6338.8      5.76
    0.21    6334.9      6.38
    0.24    6331.0      7.00
    0.27    6326.0      7.80
    0.31    6321.0      8.60
    0.35    6316.0      9.39
    0.38    6311.0     10.19
    0.46    6301.0     11.79
    0.53    6291.0     13.38
    0.63    6277.5     15.55
    0.73    6264.0     17.71
    0.74    6263.3     17.83
    0.79    6256.0     18.99
    0.86    6247.2     20.40
    0.93    6238.5     21.81
    1.06    6221.0     24.63
    1.19    6203.5     27.46
    1.33    6186.0     30.30
    1.46    6168.5     33.14
    1.60    6151.0     35.99
    1.62    6148.8     36.34
    1.64    6146.5     36.70
    1.68    6142.1     37.42
    1.75    6133.1     38.86
    1.78    6130.6     39.26
    1.80    6128.2     39.66
    1.90    6117.1     41.44
    1.95    6111.6     42.34
    2.00    6106.0     43.24
    2.12    6093.3     45.29
    2.24    6080.5     47.37
    2.42    6061.0     50.53
    2.43    6060.1     50.68
    2.44    6059.2     50.83
    2.65    6037.7     54.33
    2.86    6016.0     57.88
    3.01    6001.4     60.28
    3.18    5984.5     63.07
    3.32    5971.0     65.30
    3.41    5962.3     66.76
    3.51    5953.5     68.24
    3.72    5935.6     71.26
    3.76    5932.7     71.74
    3.83    5926.9     72.74
    3.90    5921.0     73.74
    4.08    5906.2     76.28
    4.27    5891.1     78.89
    4.54    5871.0     82.42
    4.66    5861.7     84.07
    4.75    5855.1     85.26
    4.85    5848.3     86.47
    5.05    5834.8     88.93
    5.25    5821.0     91.47
    5.26    5820.4     91.58
    5.38    5812.3     93.08
    5.51    5804.2     94.61
    5.78    5787.7     97.76
    6.06    5771.0    101.04
    6.17    5764.6    102.31
    6.29    5758.2    103.59
    6.51    5745.3    106.19
    6.60    5740.7    107.13
    6.68    5736.0    108.09
    7.01    5718.5    111.69
    7.34    5701.0    115.37
    7.43    5697.6    116.23
    7.52    5694.2    117.10
    7.81    5683.3    119.97
    8.12    5672.2    122.95
    8.78    5650.0    129.35
    9.70    5623.1    137.96
   10.63    5600.0    146.49
   11.53    5581.1    154.58
   12.07    5571.6    159.38
   12.61    5562.1    164.17
   13.45    5550.0    171.58
   13.95    5544.0    175.94
   14.54    5537.9    181.03
   15.52    5533.2    189.56
   16.51    5528.6    198.09
   17.50    5523.9    206.61
   18.49    5528.6    215.14
   19.48    5533.2    223.67
   20.46    5537.9    232.20
   21.05    5544.0    237.29
   21.55    5550.0    241.65
   22.39    5562.1    249.05
   22.93    5571.6    253.85
   23.47    5581.1    258.65
   24.37    5600.0    266.74
   25.30    5623.1    275.26
   26.22    5650.0    283.88
   26.88    5672.2    290.27
   27.19    5683.3    293.26
   27.48    5694.2    296.13
   27.57    5697.6    297.00
   27.66    5701.0    297.86
   27.99    5718.5    301.54
   28.32    5736.0    305.14
   28.40    5740.7    306.10
   28.49    5745.3    307.04
   28.71    5758.2    309.63
   28.83    5764.6    310.92
   28.94    5771.0    312.19
   29.22    5787.7    315.47
   29.49    5804.2    318.61
   29.62    5812.3    320.14
   29.74    5820.4    321.65
   29.75    5821.0    321.76
   29.95    5834.8    324.30
   30.15    5848.3    326.76
   30.25    5855.1    327.97
   30.34    5861.7    329.16
   30.46    5871.0    330.81
   30.73    5891.1    334.34
   30.92    5906.2    336.95
   31.10    5921.0    339.49
   31.17    5926.9    340.49
   31.24    5932.7    341.48
   31.28    5935.6    341.97
   31.49    5953.5    344.99
   31.59    5962.3    346.47
   31.68    5971.0    347.92
   31.82    5984.5    350.15
   31.99    6001.4    352.95
   32.14    6016.0    355.34
   32.35    6037.7    358.90
   32.56    6059.2    362.40
   32.57    6060.1    362.55
   32.58    6061.0    362.70
   32.76    6080.5    365.86
   32.88    6093.3    367.93
   33.00    6106.0    369.99
   33.05    6111.6    370.89
   33.10    6117.1    371.79
   33.20    6128.2    373.57
   33.22    6130.6    373.97
   33.25    6133.1    374.37
   33.32    6142.1    375.81
   33.36    6146.5    376.53
   33.38    6148.8    376.88
   33.40    6151.0    377.24
   33.54    6168.5    380.09
   33.67    6186.0    382.93
   33.81    6203.5    385.76
   33.94    6221.0    388.60
   34.07    6238.5    391.41
   34.14    6247.2    392.82
   34.21    6256.0    394.23
   34.26    6263.3    395.40
   34.27    6264.0    395.52
   34.37    6277.5    397.68
   34.47    6291.0    399.85
   34.54    6301.0    401.44
   34.62    6311.0    403.04
   34.65    6316.0    403.84
   34.69    6321.0    404.63
   34.73    6326.0    405.43
   34.76    6331.0    406.23
   34.79    6334.9    406.85
   34.82    6338.8    407.47
   34.85    6342.7    408.09
   34.87    6344.6    408.40
   34.88    6346.6    408.71
   34.88    6346.9    408.75
   34.91    6351.4    409.54
   34.92    6353.7    409.94
   34.93    6354.9    410.14
   34.93    6356.0    410.33
   34.97    6363.5    411.78
   34.98    6367.3    412.51
   34.99    6369.1    412.87
   35.00    6370.1    413.05
   35.00    6371.0    413.23
