    0.00    6371.0      0.00
    0.00    6370.1      0.17
    0.00    6369.1      0.34
    0.01    6367.3      0.67
    0.02    6363.5      1.34
    0.04    6356.0      2.69
    0.04    6354.9      2.87
    0.05    6353.7      3.04
    0.05    6351.4      3.40
    0.07    6346.9      4.10
    0.07    6346.6      4.15
    0.07    6344.6      4.41
    0.08    6342.7      4.67
    0.10    6338.8      5.19
    0.11    6334.9      5.71
    0.13    6331.0      6.23
    0.14    6326.0      6.90
    0.16    6321.0      7.57
    0.18    6316.0      8.24
    0.20    6311.0      8.91
    0.24    6301.0     10.25
    0.28    6291.0     11.59
    0.33    6277.5     13.40
    0.38    6264.0     15.21
    0.38    6263.3     15.32
    0.41    6256.0     16.29
    0.44    6247.2     17.47
    0.48    6238.5     18.65
    0.55    6221.0     21.01
    0.61    6203.5     23.38
    0.68    6186.0     25.74
    0.75    6168.5     28.12
    0.82    6151.0     30.49
    0.83    6148.8     30.78
    0.84    6146.5     31.07
    0.86    6142.1     31.64
    0.90    6133.1     32.79
    0.91    6130.6     33.11
    0.92    6128.2     33.42
    0.97    6117.1     34.84
    0.99    6111.6     35.55
    1.01    6106.0     36.26
    1.07    6093.3     37.89
    1.13    6080.5     39.52
    1.22    6061.0     41.99
    1.22    6060.1     42.11
    1.22    6059.2     42.22
    1.32    6037.7     44.95
    1.42    6016.0     47.69
    1.49    6001.4     49.53
    1.57    5984.5     51.66
    1.64    5971.0     53.36
    1.68    5962.3     54.43
    1.72    5953.5     55.51
    1.81    5935.6     57.69
    1.83    5932.7     58.04
    1.86    5926.9     58.75
    1.89    5921.0     59.46
    1.97    5906.2     61.25
    2.05    5891.1     63.06
    2.16    5871.0     65.47
    2.21    5861.7     66.57
    2.25    5855.1     67.36
    2.29    5848.3     68.16
    2.36    5834.8     69.76
    2.44    5821.0     71.38
    2.45    5820.4     71.45
    2.49    5812.3     72.40
    2.54    5804.2     73.35
    2.64    5787.7     75.27
    2.74    5771.0     77.22
    2.78    5764.6     77.96
    2.82    5758.2     78.70
    2.90    5745.3     80.19
    2.93    5740.7     80.73
    2.96    5736.0     81.27
    3.07    5718.5     83.29
    3.19    5701.0     85.32
    3.21    5697.6     85.71
    3.23    5694.2     86.09
    3.31    5683.3     87.32
    3.39    5672.2     88.56
    3.54    5650.0     91.07
    3.74    5623.1     94.10
    3.91    5600.0     96.68
    4.06    5581.1     98.80
    4.20    5562.1    100.93
    4.30    5550.0    102.29
    4.34    5544.0    102.97
    4.39    5537.9    103.66
    4.54    5519.0    105.78
    4.62    5509.5    106.85
    4.69    5500.0    107.92
    4.88    5477.4    110.46
    5.07    5454.7    113.03
    5.12    5447.9    113.79
    5.21    5437.6    114.95
    5.22    5436.5    115.09
    5.23    5435.3    115.22
    5.25    5433.0    115.48
    5.29    5428.3    116.01
    5.33    5423.6    116.55
    5.37    5418.9    117.08
    5.41    5414.2    117.61
    5.45    5409.5    118.14
    5.53    5400.0    119.21
    5.65    5387.1    120.68
    5.76    5374.1    122.15
    5.88    5361.1    123.63
    5.99    5348.1    125.11
    6.10    5336.1    126.47
    6.21    5324.1    127.84
    6.44    5300.0    130.59
    6.72    5270.3    134.00
    7.01    5240.3    137.44
    7.21    5220.2    139.76
    7.41    5200.0    142.10
    7.65    5176.9    144.77
    7.96    5146.9    148.28
    8.29    5116.6    151.82
    8.30    5115.0    152.01
    8.32    5113.5    152.19
    8.35    5110.3    152.55
    8.42    5104.1    153.28
    8.47    5100.0    153.77
    8.56    5091.5    154.77
    8.84    5066.1    157.78
    9.27    5028.8    162.20
    9.61    5000.0    165.65
    9.72    4991.1    166.72
   10.21    4950.6    171.63
   10.47    4930.1    174.12
   10.73    4909.6    176.63
   10.86    4900.0    177.81
   11.23    4872.3    181.24
   11.48    4853.4    183.59
   11.74    4834.5    185.96
   12.23    4800.0    190.32
   12.31    4794.4    191.04
   12.60    4774.0    193.64
   12.91    4753.5    196.28
   13.48    4716.4    201.11
   13.73    4700.0    203.27
   14.07    4678.8    206.08
   14.70    4640.8    211.20
   15.03    4621.6    213.81
   15.37    4602.4    216.45
   15.41    4600.0    216.79
   16.07    4563.5    221.90
   16.44    4544.0    224.68
   16.81    4524.3    227.51
   17.29    4500.0    231.07
   17.60    4484.7    233.33
   18.45    4444.7    239.39
   18.55    4439.7    240.16
   19.45    4400.0    246.38
   19.94    4378.9    249.78
   20.12    4371.6    250.98
   21.01    4335.9    256.94
   21.97    4300.0    263.19
   22.53    4280.3    266.79
   23.10    4260.5    270.40
   23.72    4240.7    274.25
   24.34    4220.8    278.11
   24.68    4210.4    280.21
   25.03    4200.0    282.36
   25.96    4175.1    287.85
   26.88    4150.2    293.34
   27.61    4133.5    297.56
   28.34    4116.7    301.79
   29.08    4100.0    306.02
   29.60    4089.4    308.99
   30.05    4080.8    311.49
   30.52    4072.3    314.11
   31.27    4060.3    318.28
   32.03    4048.3    322.45
   32.79    4036.2    326.63
   33.52    4027.2    330.54
   34.24    4018.2    334.45
   35.18    4009.1    339.48
   36.13    4000.0    344.51
   37.10    3996.1    349.64
   38.08    3992.2    354.77
   39.05    3988.3    359.89
   40.03    3984.4    365.02
   41.00    3980.5    370.15
   41.97    3984.4    375.27
   42.95    3988.3    380.40
   43.92    3992.2    385.52
   44.90    3996.1    390.65
   45.87    4000.0    395.78
   46.82    4009.1    400.81
   47.76    4018.2    405.84
   48.48    4027.2    409.75
   49.21    4036.2    413.66
   49.97    4048.3    417.84
   50.73    4060.3    422.01
   51.48    4072.3    426.18
   51.95    4080.8    428.80
   52.40    4089.4    431.30
   52.92    4100.0    434.27
   53.66    4116.7    438.50
   54.39    4133.5    442.73
   55.12    4150.2    446.95
   56.04    4175.1    452.44
   56.97    4200.0    457.93
   57.32    4210.4    460.08
   57.66    4220.8    462.18
   58.28    4240.7    466.04
   58.90    4260.5    469.89
   59.47    4280.3    473.50
   60.03    4300.0    477.10
   60.99    4335.9    483.35
   61.88    4371.6    489.31
   62.06    4378.9    490.51
   62.55    4400.0    493.91
   63.45    4439.7    500.14
   63.55    4444.7    500.90
   64.40    4484.7    506.96
   64.71    4500.0    509.22
   65.19    4524.3    512.78
   65.56    4544.0    515.61
   65.93    4563.5    518.39
   66.59    4600.0    523.50
   66.63    4602.4    523.84
   66.97    4621.6    526.48
   67.30    4640.8    529.09
   67.93    4678.8    534.21
   68.27    4700.0    537.02
   68.52    4716.4    539.18
   69.09    4753.5    544.01
   69.40    4774.0    546.65
   69.69    4794.4    549.26
   69.77    4800.0    549.97
   70.26    4834.5    554.33
   70.52    4853.4    556.70
   70.77    4872.3    559.05
   71.14    4900.0    562.48
   71.27    4909.6    563.66
   71.53    4930.1    566.17
   71.79    4950.6    568.66
   72.28    4991.1    573.57
   72.39    5000.0    574.64
   72.73    5028.8    578.09
   73.16    5066.1    582.51
   73.44    5091.5    585.52
   73.53    5100.0    586.52
   73.58    5104.1    587.01
   73.65    5110.3    587.74
   73.68    5113.5    588.10
   73.70    5115.0    588.29
   73.71    5116.6    588.47
   74.04    5146.9    592.01
   74.35    5176.9    595.52
   74.59    5200.0    598.19
   74.79    5220.2    600.53
   74.99    5240.3    602.85
   75.28    5270.3    606.29
   75.56    5300.0    609.70
   75.79    5324.1    612.45
   75.90    5336.1    613.82
   76.01    5348.1    615.18
   76.12    5361.1    616.66
   76.24    5374.1    618.14
   76.35    5387.1    619.61
   76.47    5400.0    621.08
   76.55    5409.5    622.15
   76.59    5414.2    622.68
   76.63    5418.9    623.21
   76.67    5423.6    623.75
   76.71    5428.3    624.28
   76.75    5433.0    624.81
   76.77    5435.3    625.07
   76.78    5436.5    625.20
   76.79    5437.6    625.34
   76.88    5447.9    626.50
   76.93    5454.7    627.26
   77.12    5477.4    629.83
   77.31    5500.0    632.37
   77.38    5509.5    633.44
   77.46    5519.0    634.51
   77.61    5537.9    636.63
   77.66    5544.0    637.32
   77.70    5550.0    638.00
   77.80    5562.1    639.36
   77.94    5581.1    641.49
   78.09    5600.0    643.61
   78.26    5623.1    646.20
   78.46    5650.0    649.22
   78.61    5672.2    651.73
   78.69    5683.3    652.97
   78.77    5694.2    654.20
   78.79    5697.6    654.58
   78.81    5701.0    654.97
   78.93    5718.5    657.00
   79.04    5736.0    659.02
   79.07    5740.7    659.56
   79.10    5745.3    660.10
   79.18    5758.2    661.59
   79.22    5764.6    662.33
   79.26    5771.0    663.08
   79.36    5787.7    665.02
   79.46    5804.2    666.94
   79.51    5812.3    667.89
   79.55    5820.4    668.84
   79.56    5821.0    668.91
   79.64    5834.8    670.53
   79.71    5848.3    672.13
   79.75    5855.1    672.93
   79.79    5861.7    673.72
   79.84    5871.0    674.82
   79.95    5891.1    677.23
   80.03    5906.2    679.04
   80.11    5921.0    680.83
   80.14    5926.9    681.54
   80.17    5932.7    682.25
   80.19    5935.6    682.60
   80.28    5953.5    684.78
   80.32    5962.3    685.86
   80.36    5971.0    686.93
   80.43    5984.5    688.63
   80.51    6001.4    690.76
   80.58    6016.0    692.60
   80.68    6037.7    695.34
   80.78    6059.2    698.07
   80.78    6060.1    698.18
   80.78    6061.0    698.30
   80.87    6080.5    700.77
   80.93    6093.3    702.40
   80.99    6106.0    704.03
   81.01    6111.6    704.74
   81.03    6117.1    705.45
   81.08    6128.2    706.87
   81.09    6130.6    707.18
   81.10    6133.1    707.50
   81.14    6142.1    708.65
   81.16    6146.5    709.23
   81.17    6148.8    709.51
   81.18    6151.0    709.80
   81.25    6168.5    712.17
   81.32    6186.0    714.55
   81.39    6203.5    716.91
   81.45    6221.0    719.28
   81.52    6238.5    721.64
   81.56    6247.2    722.82
   81.59    6256.0    724.00
   81.62    6263.3    724.98
   81.62    6264.0    725.08
   81.67    6277.5    726.89
   81.72    6291.0    728.70
   81.76    6301.0    730.04
   81.80    6311.0    731.38
   81.82    6316.0    732.05
   81.84    6321.0    732.72
   81.86    6326.0    733.39
   81.87    6331.0    734.06
   81.89    6334.9    734.58
   81.90    6338.8    735.10
   81.92    6342.7    735.62
   81.93    6344.6    735.88
   81.93    6346.6    736.14
   81.93    6346.9    736.19
   81.95    6351.4    736.89
   81.95    6353.7    737.25
   81.96    6354.9    737.43
   81.96    6356.0    737.60
   81.98    6363.5    738.95
   81.99    6367.3    739.62
   82.00    6369.1    739.95
   82.00    6370.1    740.12
   82.00    6371.0    740.29
