    0.00    6371.0      0.00
    0.00    6370.1      0.17
    0.00    6369.1      0.33
    0.01    6367.3      0.67
    0.02    6363.5      1.33
    0.03    6356.0      2.67
    0.04    6354.9      2.84
    0.04    6353.7      3.01
    0.05    6351.4      3.36
    0.06    6346.9      4.06
    0.06    6346.6      4.11
    0.07    6344.6      4.36
    0.07    6342.7      4.62
    0.08    6338.8      5.13
    0.10    6334.9      5.64
    0.11    6331.0      6.15
    0.13    6326.0      6.81
    0.14    6321.0      7.47
    0.16    6316.0      8.12
    0.17    6311.0      8.78
    0.21    6301.0     10.09
    0.24    6291.0     11.41
    0.29    6277.5     13.19
    0.33    6264.0     14.97
    0.33    6263.3     15.07
    0.36    6256.0     16.02
    0.39    6247.2     17.18
    0.41    6238.5     18.34
    0.47    6221.0     20.65
    0.53    6203.5     22.98
    0.59    6186.0     25.30
    0.65    6168.5     27.63
    0.71    6151.0     29.96
    0.72    6148.8     30.24
    0.73    6146.5     30.52
    0.74    6142.1     31.08
    0.78    6133.1     32.20
    0.79    6130.6     32.51
    0.79    6128.2     32.82
    0.84    6117.1     34.20
    0.86    6111.6     34.90
    0.88    6106.0     35.59
    0.93    6093.3     37.18
    0.98    6080.5     38.77
    1.05    6061.0     41.19
    1.06    6060.1     41.30
    1.06    6059.2     41.41
    1.14    6037.7     44.07
    1.23    6016.0     46.74
    1.29    6001.4     48.53
    1.36    5984.5     50.61
    1.41    5971.0     52.26
    1.45    5962.3     53.30
    1.49    5953.5     54.35
    1.57    5935.6     56.47
    1.58    5932.7     56.81
    1.60    5926.9     57.50
    1.63    5921.0     58.19
    1.70    5906.2     59.92
    1.77    5891.1     61.67
    1.86    5871.0     64.00
    1.91    5861.7     65.07
    1.94    5855.1     65.83
    1.97    5848.3     66.60
    2.04    5834.8     68.14
    2.10    5821.0     69.71
    2.11    5820.4     69.77
    2.15    5812.3     70.68
    2.19    5804.2     71.60
    2.27    5787.7     73.45
    2.36    5771.0     75.32
    2.39    5764.6     76.03
    2.43    5758.2     76.74
    2.49    5745.3     78.17
    2.52    5740.7     78.69
    2.54    5736.0     79.21
    2.64    5718.5     81.14
    2.73    5701.0     83.09
    2.75    5697.6     83.45
    2.77    5694.2     83.82
    2.84    5683.3     84.99
    2.90    5672.2     86.17
    3.03    5650.0     88.55
    3.20    5623.1     91.42
    3.34    5600.0     93.86
    3.46    5581.1     95.86
    3.58    5562.1     97.88
    3.66    5550.0     99.16
    3.70    5544.0     99.80
    3.74    5537.9    100.44
    3.86    5519.0    102.44
    3.93    5509.5    103.45
    3.99    5500.0    104.46
    4.14    5477.4    106.84
    4.30    5454.7    109.24
    4.35    5447.9    109.96
    4.42    5437.6    111.05
    4.43    5436.5    111.17
    4.43    5435.3    111.30
    4.45    5433.0    111.54
    4.48    5428.3    112.04
    4.52    5423.6    112.54
    4.55    5418.9    113.03
    4.58    5414.2    113.53
    4.62    5409.5    114.03
    4.69    5400.0    115.03
    4.78    5387.1    116.40
    4.87    5374.1    117.77
    4.97    5361.1    119.14
    5.06    5348.1    120.52
    5.15    5336.1    121.79
    5.24    5324.1    123.06
    5.43    5300.0    125.61
    5.66    5270.3    128.76
    5.89    5240.3    131.93
    6.06    5220.2    134.07
    6.22    5200.0    136.22
    6.41    5176.9    138.67
    6.67    5146.9    141.88
    6.93    5116.6    145.11
    6.94    5115.0    145.28
    6.95    5113.5    145.44
    6.98    5110.3    145.77
    7.04    5104.1    146.44
    7.07    5100.0    146.88
    7.15    5091.5    147.79
    7.37    5066.1    150.52
    7.71    5028.8    154.51
    7.98    5000.0    157.62
    8.07    4991.1    158.58
    8.46    4950.6    162.97
    8.66    4930.1    165.19
    8.87    4909.6    167.42
    8.97    4900.0    168.47
    9.25    4872.3    171.50
    9.45    4853.4    173.57
    9.65    4834.5    175.65
   10.03    4800.0    179.46
   10.09    4794.4    180.08
   10.32    4774.0    182.35
   10.55    4753.5    184.63
   10.98    4716.4    188.78
   11.18    4700.0    190.63
   11.43    4678.8    193.02
   11.90    4640.8    197.35
   12.14    4621.6    199.54
   12.39    4602.4    201.74
   12.42    4600.0    202.02
   12.90    4563.5    206.25
   13.17    4544.0    208.53
   13.44    4524.3    210.83
   13.78    4500.0    213.71
   14.00    4484.7    215.52
   14.59    4444.7    220.31
   14.67    4439.7    220.92
   15.28    4400.0    225.75
   15.61    4378.9    228.34
   15.73    4371.6    229.25
   16.32    4335.9    233.70
   16.93    4300.0    238.25
   17.64    4260.5    243.33
   18.38    4220.8    248.56
   18.58    4210.4    249.95
   18.78    4200.0    251.34
   19.29    4175.1    254.74
   19.79    4150.2    258.14
   20.33    4125.1    261.69
   20.88    4100.0    265.24
   21.11    4089.4    266.76
   21.31    4080.8    268.01
   21.51    4072.3    269.27
   22.37    4036.2    274.65
   22.82    4018.2    277.42
   23.29    4000.0    280.25
   24.29    3963.2    286.15
   24.82    3944.6    289.26
   25.36    3926.1    292.36
   25.76    3913.1    294.62
   26.17    3900.0    296.93
   27.00    3875.1    301.55
   27.84    3850.2    306.17
   28.81    3825.1    311.30
   29.77    3800.0    316.44
   30.16    3790.8    318.47
   30.34    3786.6    319.40
   30.52    3782.4    320.34
   31.50    3761.9    325.32
   32.47    3741.3    330.31
   33.27    3727.6    334.27
   34.08    3713.8    338.23
   34.88    3700.0    342.20
   35.78    3690.2    346.48
   36.67    3680.3    350.76
   37.57    3670.5    355.04
   38.47    3660.7    359.33
   39.37    3650.8    363.61
   40.27    3641.0    367.89
   40.97    3637.3    371.16
   41.67    3633.7    374.42
   42.37    3630.0    377.68
   43.15    3628.6    381.30
   43.94    3627.1    384.93
   44.72    3625.7    388.55
   45.50    3624.2    392.17
   46.29    3625.7    395.80
   47.07    3627.1    399.42
   47.85    3628.6    403.04
   48.63    3630.0    406.67
   49.34    3633.7    409.93
   50.04    3637.3    413.19
   50.74    3641.0    416.45
   51.64    3650.8    420.74
   52.53    3660.7    425.02
   53.43    3670.5    429.30
   54.33    3680.3    433.58
   55.23    3690.2    437.87
   56.13    3700.0    442.15
   56.93    3713.8    446.11
   57.73    3727.6    450.08
   58.53    3741.3    454.04
   59.51    3761.9    459.02
   60.49    3782.4    464.00
   60.67    3786.6    464.95
   60.85    3790.8    465.88
   61.24    3800.0    467.91
   62.20    3825.1    473.04
   63.16    3850.2    478.18
   64.00    3875.1    482.80
   64.84    3900.0    487.42
   65.25    3913.1    489.72
   65.65    3926.1    491.98
   66.18    3944.6    495.09
   66.72    3963.2    498.19
   67.71    4000.0    504.10
   68.18    4018.2    506.93
   68.63    4036.2    509.70
   69.50    4072.3    515.08
   69.70    4080.8    516.33
   69.89    4089.4    517.58
   70.13    4100.0    519.11
   70.67    4125.1    522.66
   71.22    4150.2    526.20
   71.72    4175.1    529.60
   72.23    4200.0    533.00
   72.43    4210.4    534.40
   72.63    4220.8    535.79
   73.37    4260.5    541.01
   74.07    4300.0    546.10
   74.69    4335.9    550.65
   75.28    4371.6    555.10
   75.39    4378.9    556.01
   75.73    4400.0    558.60
   76.34    4439.7    563.43
   76.41    4444.7    564.03
   77.00    4484.7    568.83
   77.22    4500.0    570.64
   77.57    4524.3    573.51
   77.84    4544.0    575.82
   78.10    4563.5    578.10
   78.58    4600.0    582.32
   78.62    4602.4    582.60
   78.86    4621.6    584.81
   79.11    4640.8    587.00
   79.58    4678.8    591.32
   79.83    4700.0    593.72
   80.03    4716.4    595.56
   80.46    4753.5    599.72
   80.69    4774.0    602.00
   80.92    4794.4    604.26
   80.98    4800.0    604.89
   81.35    4834.5    608.70
   81.55    4853.4    610.78
   81.75    4872.3    612.84
   82.04    4900.0    615.88
   82.14    4909.6    616.92
   82.34    4930.1    619.16
   82.54    4950.6    621.38
   82.94    4991.1    625.77
   83.02    5000.0    626.73
   83.29    5028.8    629.83
   83.63    5066.1    633.83
   83.86    5091.5    636.56
   83.94    5100.0    637.47
   83.97    5104.1    637.91
   84.03    5110.3    638.57
   84.05    5113.5    638.90
   84.07    5115.0    639.07
   84.08    5116.6    639.24
   84.34    5146.9    642.47
   84.59    5176.9    645.67
   84.79    5200.0    648.13
   84.95    5220.2    650.28
   85.11    5240.3    652.41
   85.35    5270.3    655.59
   85.58    5300.0    658.74
   85.76    5324.1    661.29
   85.85    5336.1    662.56
   85.94    5348.1    663.82
   86.04    5361.1    665.20
   86.13    5374.1    666.58
   86.23    5387.1    667.95
   86.32    5400.0    669.32
   86.39    5409.5    670.32
   86.42    5414.2    670.81
   86.46    5418.9    671.31
   86.49    5423.6    671.81
   86.52    5428.3    672.31
   86.56    5433.0    672.80
   86.57    5435.3    673.05
   86.58    5436.5    673.17
   86.59    5437.6    673.30
   86.66    5447.9    674.38
   86.71    5454.7    675.10
   86.86    5477.4    677.50
   87.02    5500.0    679.89
   87.08    5509.5    680.90
   87.14    5519.0    681.90
   87.27    5537.9    683.90
   87.31    5544.0    684.54
   87.35    5550.0    685.19
   87.42    5562.1    686.47
   87.55    5581.1    688.48
   87.66    5600.0    690.48
   87.81    5623.1    692.93
   87.97    5650.0    695.80
   88.11    5672.2    698.18
   88.17    5683.3    699.36
   88.23    5694.2    700.53
   88.25    5697.6    700.89
   88.27    5701.0    701.26
   88.37    5718.5    703.20
   88.46    5736.0    705.14
   88.49    5740.7    705.66
   88.51    5745.3    706.18
   88.58    5758.2    707.61
   88.61    5764.6    708.32
   88.65    5771.0    709.03
   88.74    5787.7    710.90
   88.82    5804.2    712.75
   88.86    5812.3    713.66
   88.90    5820.4    714.57
   88.90    5821.0    714.64
   88.97    5834.8    716.20
   89.04    5848.3    717.75
   89.07    5855.1    718.52
   89.10    5861.7    719.28
   89.15    5871.0    720.35
   89.24    5891.1    722.67
   89.31    5906.2    724.42
   89.38    5921.0    726.16
   89.40    5926.9    726.85
   89.43    5932.7    727.54
   89.44    5935.6    727.87
   89.52    5953.5    729.99
   89.56    5962.3    731.04
   89.59    5971.0    732.08
   89.65    5984.5    733.73
   89.72    6001.4    735.81
   89.78    6016.0    737.60
   89.86    6037.7    740.28
   89.95    6059.2    742.93
   89.95    6060.1    743.05
   89.95    6061.0    743.16
   90.03    6080.5    745.57
   90.08    6093.3    747.17
   90.13    6106.0    748.76
   90.15    6111.6    749.45
   90.17    6117.1    750.14
   90.21    6128.2    751.53
   90.22    6130.6    751.84
   90.23    6133.1    752.15
   90.26    6142.1    753.27
   90.28    6146.5    753.83
   90.29    6148.8    754.11
   90.30    6151.0    754.39
   90.36    6168.5    756.72
   90.42    6186.0    759.05
   90.47    6203.5    761.37
   90.53    6221.0    763.69
   90.59    6238.5    766.01
   90.62    6247.2    767.16
   90.65    6256.0    768.32
   90.67    6263.3    769.28
   90.68    6264.0    769.38
   90.72    6277.5    771.16
   90.77    6291.0    772.94
   90.80    6301.0    774.25
   90.83    6311.0    775.57
   90.85    6316.0    776.22
   90.86    6321.0    776.88
   90.88    6326.0    777.54
   90.90    6331.0    778.19
   90.91    6334.9    778.70
   90.92    6338.8    779.22
   90.94    6342.7    779.73
   90.94    6344.6    779.98
   90.95    6346.6    780.24
   90.95    6346.9    780.28
   90.96    6351.4    780.98
   90.97    6353.7    781.33
   90.97    6354.9    781.51
   90.97    6356.0    781.68
   90.99    6363.5    783.01
   91.00    6367.3    783.68
   91.00    6369.1    784.01
   91.00    6370.1    784.18
   91.01    6371.0    784.35
