    0.00    6371.0      0.00
    0.00    6370.1      0.17
    0.00    6369.1      0.33
    0.01    6367.3      0.67
    0.02    6363.5      1.34
    0.04    6356.0      2.68
    0.04    6354.9      2.86
    0.04    6353.7      3.03
    0.05    6351.4      3.38
    0.06    6346.9      4.09
    0.06    6346.6      4.13
    0.07    6344.6      4.39
    0.08    6342.7      4.65
    0.09    6338.8      5.17
    0.11    6334.9      5.68
    0.12    6331.0      6.20
    0.14    6326.0      6.86
    0.16    6321.0      7.53
    0.17    6316.0      8.19
    0.19    6311.0      8.86
    0.23    6301.0     10.19
    0.26    6291.0     11.52
    0.31    6277.5     13.32
    0.36    6264.0     15.11
    0.36    6263.3     15.22
    0.39    6256.0     16.19
    0.42    6247.2     17.36
    0.45    6238.5     18.53
    0.52    6221.0     20.87
    0.58    6203.5     23.22
    0.65    6186.0     25.57
    0.71    6168.5     27.92
    0.78    6151.0     30.28
    0.79    6148.8     30.56
    0.80    6146.5     30.85
    0.81    6142.1     31.41
    0.85    6133.1     32.55
    0.86    6130.6     32.87
    0.87    6128.2     33.18
    0.92    6117.1     34.58
    0.94    6111.6     35.29
    0.96    6106.0     35.99
    1.02    6093.3     37.60
    1.07    6080.5     39.22
    1.15    6061.0     41.67
    1.16    6060.1     41.78
    1.16    6059.2     41.90
    1.25    6037.7     44.60
    1.35    6016.0     47.31
    1.41    6001.4     49.13
    1.49    5984.5     51.24
    1.55    5971.0     52.92
    1.59    5962.3     53.98
    1.63    5953.5     55.05
    1.72    5935.6     57.20
    1.73    5932.7     57.55
    1.76    5926.9     58.25
    1.79    5921.0     58.95
    1.86    5906.2     60.72
    1.94    5891.1     62.50
    2.04    5871.0     64.88
    2.09    5861.7     65.97
    2.13    5855.1     66.75
    2.16    5848.3     67.53
    2.24    5834.8     69.11
    2.31    5821.0     70.71
    2.31    5820.4     70.78
    2.36    5812.3     71.71
    2.40    5804.2     72.64
    2.50    5787.7     74.54
    2.59    5771.0     76.45
    2.63    5764.6     77.18
    2.67    5758.2     77.91
    2.74    5745.3     79.37
    2.77    5740.7     79.91
    2.80    5736.0     80.44
    2.90    5718.5     82.42
    3.01    5701.0     84.42
    3.03    5697.6     84.80
    3.05    5694.2     85.17
    3.12    5683.3     86.38
    3.20    5672.2     87.60
    3.35    5650.0     90.05
    3.53    5623.1     93.01
    3.69    5600.0     95.54
    3.82    5581.1     97.61
    3.96    5562.1     99.69
    4.05    5550.0    101.02
    4.09    5544.0    101.68
    4.14    5537.9    102.35
    4.28    5519.0    104.42
    4.35    5509.5    105.46
    4.42    5500.0    106.51
    4.59    5477.4    108.99
    4.76    5454.7    111.48
    4.82    5447.9    112.23
    4.90    5437.6    113.36
    4.91    5436.5    113.49
    4.92    5435.3    113.62
    4.93    5433.0    113.87
    4.97    5428.3    114.39
    5.01    5423.6    114.91
    5.05    5418.9    115.42
    5.08    5414.2    115.94
    5.12    5409.5    116.46
    5.20    5400.0    117.50
    5.30    5387.1    118.92
    5.41    5374.1    120.35
    5.52    5361.1    121.79
    5.63    5348.1    123.23
    5.73    5336.1    124.55
    5.83    5324.1    125.88
    6.04    5300.0    128.55
    6.30    5270.3    131.84
    6.57    5240.3    135.17
    6.75    5220.2    137.41
    6.94    5200.0    139.67
    7.15    5176.9    142.25
    7.44    5146.9    145.63
    7.74    5116.6    149.04
    7.76    5115.0    149.22
    7.77    5113.5    149.39
    7.80    5110.3    149.74
    7.87    5104.1    150.44
    7.91    5100.0    150.91
    7.99    5091.5    151.87
    8.26    5066.1    154.76
    8.65    5028.8    159.00
    8.96    5000.0    162.30
    9.05    4991.1    163.32
    9.51    4950.6    168.01
    9.74    4930.1    170.38
    9.98    4909.6    172.77
   10.09    4900.0    173.89
   10.43    4872.3    177.15
   10.66    4853.4    179.37
   10.89    4834.5    181.61
   11.33    4800.0    185.73
   11.40    4794.4    186.40
   11.67    4774.0    188.86
   11.94    4753.5    191.34
   12.45    4716.4    195.87
   12.68    4700.0    197.88
   12.98    4678.8    200.51
   13.54    4640.8    205.26
   13.83    4621.6    207.68
   14.13    4602.4    210.12
   14.17    4600.0    210.43
   14.75    4563.5    215.13
   15.07    4544.0    217.68
   15.40    4524.3    220.26
   15.82    4500.0    223.50
   16.08    4484.7    225.55
   16.81    4444.7    231.00
   16.90    4439.7    231.69
   17.66    4400.0    237.23
   18.08    4378.9    240.23
   18.23    4371.6    241.29
   18.97    4335.9    246.49
   19.76    4300.0    251.87
   20.67    4260.5    257.97
   21.65    4220.8    264.34
   21.92    4210.4    266.05
   22.19    4200.0    267.79
   22.88    4175.1    272.08
   23.57    4150.2    276.38
   24.34    4125.1    281.02
   25.11    4100.0    285.66
   25.45    4089.4    287.71
   25.74    4080.8    289.40
   26.04    4072.3    291.12
   26.69    4054.3    294.90
   27.35    4036.2    298.68
   28.06    4018.2    302.72
   28.82    4000.0    306.97
   29.68    3981.6    311.68
   30.54    3963.2    316.39
   31.23    3950.8    320.06
   31.92    3938.5    323.74
   32.61    3926.1    327.42
   33.46    3913.1    331.88
   34.40    3900.0    336.81
   35.32    3892.9    341.46
   36.23    3885.8    346.12
   37.15    3878.7    350.77
   38.07    3871.6    355.43
   38.98    3864.4    360.08
   39.90    3857.3    364.73
   40.81    3850.2    369.39
   41.66    3849.1    373.61
   42.50    3848.0    377.83
   43.34    3849.1    382.05
   44.19    3850.2    386.27
   45.10    3857.3    390.92
   46.02    3864.4    395.57
   46.93    3871.6    400.23
   47.85    3878.7    404.88
   48.77    3885.8    409.54
   49.68    3892.9    414.19
   50.60    3900.0    418.84
   51.54    3913.1    423.77
   52.39    3926.1    428.23
   53.08    3938.5    431.91
   53.77    3950.8    435.59
   54.46    3963.2    439.27
   55.32    3981.6    443.97
   56.18    4000.0    448.68
   56.94    4018.2    452.93
   57.65    4036.2    456.97
   58.31    4054.3    460.75
   58.96    4072.3    464.53
   59.26    4080.8    466.25
   59.55    4089.4    467.94
   59.89    4100.0    469.99
   60.66    4125.1    474.64
   61.43    4150.2    479.28
   62.12    4175.1    483.57
   62.81    4200.0    487.87
   63.08    4210.4    489.60
   63.35    4220.8    491.31
   64.33    4260.5    497.68
   65.24    4300.0    503.78
   66.03    4335.9    509.16
   66.77    4371.6    514.36
   66.92    4378.9    515.42
   67.34    4400.0    518.42
   68.10    4439.7    523.97
   68.19    4444.7    524.66
   68.92    4484.7    530.11
   69.18    4500.0    532.16
   69.60    4524.3    535.39
   69.93    4544.0    537.97
   70.25    4563.5    540.52
   70.83    4600.0    545.22
   70.87    4602.4    545.53
   71.17    4621.6    547.97
   71.46    4640.8    550.39
   72.02    4678.8    555.15
   72.32    4700.0    557.77
   72.55    4716.4    559.79
   73.06    4753.5    564.32
   73.33    4774.0    566.80
   73.60    4794.4    569.25
   73.67    4800.0    569.92
   74.11    4834.5    574.04
   74.34    4853.4    576.28
   74.57    4872.3    578.51
   74.91    4900.0    581.76
   75.02    4909.6    582.88
   75.26    4930.1    585.28
   75.49    4950.6    587.65
   75.95    4991.1    592.33
   76.04    5000.0    593.35
   76.35    5028.8    596.65
   76.75    5066.1    600.89
   77.01    5091.5    603.78
   77.09    5100.0    604.74
   77.13    5104.1    605.21
   77.20    5110.3    605.91
   77.23    5113.5    606.26
   77.24    5115.0    606.44
   77.26    5116.6    606.61
   77.56    5146.9    610.03
   77.85    5176.9    613.40
   78.06    5200.0    615.98
   78.25    5220.2    618.24
   78.43    5240.3    620.48
   78.70    5270.3    623.81
   78.96    5300.0    627.11
   79.17    5324.1    629.78
   79.27    5336.1    631.10
   79.37    5348.1    632.42
   79.48    5361.1    633.86
   79.59    5374.1    635.30
   79.70    5387.1    636.73
   79.80    5400.0    638.15
   79.88    5409.5    639.19
   79.92    5414.2    639.71
   79.95    5418.9    640.23
   79.99    5423.6    640.75
   80.03    5428.3    641.26
   80.07    5433.0    641.78
   80.08    5435.3    642.04
   80.09    5436.5    642.17
   80.10    5437.6    642.29
   80.18    5447.9    643.42
   80.24    5454.7    644.17
   80.41    5477.4    646.67
   80.58    5500.0    649.14
   80.65    5509.5    650.19
   80.72    5519.0    651.23
   80.86    5537.9    653.30
   80.91    5544.0    653.97
   80.95    5550.0    654.64
   81.04    5562.1    655.96
   81.18    5581.1    658.05
   81.31    5600.0    660.11
   81.47    5623.1    662.64
   81.65    5650.0    665.61
   81.80    5672.2    668.06
   81.88    5683.3    669.27
   81.95    5694.2    670.48
   81.97    5697.6    670.86
   81.99    5701.0    671.23
   82.10    5718.5    673.23
   82.20    5736.0    675.22
   82.23    5740.7    675.75
   82.26    5745.3    676.28
   82.33    5758.2    677.74
   82.37    5764.6    678.48
   82.41    5771.0    679.20
   82.50    5787.7    681.12
   82.60    5804.2    683.01
   82.64    5812.3    683.95
   82.69    5820.4    684.88
   82.69    5821.0    684.95
   82.76    5834.8    686.54
   82.84    5848.3    688.12
   82.87    5855.1    688.91
   82.91    5861.7    689.69
   82.96    5871.0    690.78
   83.06    5891.1    693.15
   83.14    5906.2    694.94
   83.21    5921.0    696.70
   83.24    5926.9    697.41
   83.27    5932.7    698.11
   83.28    5935.6    698.45
   83.37    5953.5    700.61
   83.41    5962.3    701.68
   83.45    5971.0    702.74
   83.51    5984.5    704.41
   83.59    6001.4    706.53
   83.65    6016.0    708.34
   83.75    6037.7    711.06
   83.84    6059.2    713.76
   83.84    6060.1    713.87
   83.85    6061.0    713.98
   83.93    6080.5    716.43
   83.98    6093.3    718.05
   84.04    6106.0    719.66
   84.06    6111.6    720.37
   84.08    6117.1    721.07
   84.13    6128.2    722.47
   84.14    6130.6    722.79
   84.15    6133.1    723.10
   84.19    6142.1    724.24
   84.21    6146.5    724.81
   84.21    6148.8    725.09
   84.22    6151.0    725.38
   84.29    6168.5    727.73
   84.35    6186.0    730.09
   84.42    6203.5    732.44
   84.48    6221.0    734.79
   84.55    6238.5    737.13
   84.58    6247.2    738.30
   84.61    6256.0    739.47
   84.64    6263.3    740.44
   84.64    6264.0    740.54
   84.69    6277.5    742.34
   84.74    6291.0    744.14
   84.77    6301.0    745.47
   84.81    6311.0    746.80
   84.83    6316.0    747.46
   84.84    6321.0    748.12
   84.86    6326.0    748.79
   84.88    6331.0    749.45
   84.89    6334.9    749.97
   84.91    6338.8    750.49
   84.92    6342.7    751.00
   84.93    6344.6    751.26
   84.94    6346.6    751.52
   84.94    6346.9    751.57
   84.95    6351.4    752.27
   84.96    6353.7    752.62
   84.96    6354.9    752.80
   84.96    6356.0    752.97
   84.98    6363.5    754.31
   84.99    6367.3    754.98
   85.00    6369.1    755.32
   85.00    6370.1    755.49
   85.00    6371.0    755.65
