    0.00    6371.0      0.00
    0.00    6370.1      0.17
    0.01    6369.1      0.34
    0.01    6367.3      0.68
    0.02    6363.5      1.37
    0.05    6356.0      2.73
    0.05    6354.9      2.91
    0.05    6353.7      3.10
    0.06    6351.4      3.46
    0.08    6346.9      4.18
    0.08    6346.6      4.23
    0.09    6344.6      4.50
    0.10    6342.7      4.77
    0.12    6338.8      5.31
    0.13    6334.9      5.85
    0.15    6331.0      6.39
    0.18    6326.0      7.08
    0.20    6321.0      7.78
    0.22    6316.0      8.47
    0.25    6311.0      9.16
    0.29    6301.0     10.55
    0.34    6291.0     11.94
    0.40    6277.5     13.82
    0.46    6264.0     15.70
    0.47    6263.3     15.81
    0.50    6256.0     16.82
    0.54    6247.2     18.04
    0.59    6238.5     19.27
    0.67    6221.0     21.71
    0.75    6203.5     24.17
    0.84    6186.0     26.63
    0.92    6168.5     29.09
    1.00    6151.0     31.55
    1.02    6148.8     31.85
    1.03    6146.5     32.15
    1.05    6142.1     32.75
    1.10    6133.1     33.96
    1.11    6130.6     34.29
    1.13    6128.2     34.62
    1.19    6117.1     36.10
    1.22    6111.6     36.84
    1.25    6106.0     37.59
    1.32    6093.3     39.29
    1.39    6080.5     41.00
    1.50    6061.0     43.60
    1.50    6060.1     43.72
    1.51    6059.2     43.84
    1.63    6037.7     46.70
    1.75    6016.0     49.59
    1.84    6001.4     51.52
    1.94    5984.5     53.77
    2.02    5971.0     55.55
    2.07    5962.3     56.69
    2.13    5953.5     57.84
    2.24    5935.6     60.15
    2.26    5932.7     60.52
    2.30    5926.9     61.28
    2.34    5921.0     62.03
    2.44    5906.2     63.94
    2.54    5891.1     65.87
    2.68    5871.0     68.45
    2.74    5861.7     69.63
    2.79    5855.1     70.48
    2.84    5848.3     71.34
    2.94    5834.8     73.06
    3.04    5821.0     74.81
    3.05    5820.4     74.88
    3.11    5812.3     75.90
    3.17    5804.2     76.93
    3.29    5787.7     79.01
    3.43    5771.0     81.13
    3.48    5764.6     81.93
    3.53    5758.2     82.74
    3.63    5745.3     84.37
    3.67    5740.7     84.96
    3.71    5736.0     85.55
    3.85    5718.5     87.75
    4.00    5701.0     89.98
    4.03    5697.6     90.40
    4.06    5694.2     90.83
    4.16    5683.3     92.20
    4.26    5672.2     93.58
    4.47    5650.0     96.38
    4.73    5623.1     99.78
    4.96    5600.0    102.70
    5.15    5581.1    105.10
    5.35    5562.1    107.52
    5.48    5550.0    109.07
    5.54    5544.0    109.84
    5.61    5537.9    110.62
    5.81    5519.0    113.05
    5.91    5509.5    114.28
    6.02    5500.0    115.51
    6.27    5477.4    118.43
    6.52    5454.7    121.39
    6.60    5447.9    122.28
    6.72    5437.6    123.63
    6.73    5436.5    123.78
    6.75    5435.3    123.94
    6.78    5433.0    124.24
    6.83    5428.3    124.86
    6.89    5423.6    125.48
    6.94    5418.9    126.10
    7.00    5414.2    126.72
    7.05    5409.5    127.35
    7.17    5400.0    128.60
    7.32    5387.1    130.31
    7.48    5374.1    132.04
    7.64    5361.1    133.78
    7.81    5348.1    135.54
    7.96    5336.1    137.15
    8.12    5324.1    138.78
    8.43    5300.0    142.07
    8.83    5270.3    146.16
    9.25    5240.3    150.33
    9.54    5220.2    153.15
    9.83    5200.0    156.02
   10.18    5176.9    159.33
   10.64    5146.9    163.69
   11.13    5116.6    168.16
   11.15    5115.0    168.39
   11.18    5113.5    168.62
   11.23    5110.3    169.08
   11.33    5104.1    170.01
   11.40    5100.0    170.63
   11.54    5091.5    171.90
   11.97    5066.1    175.76
   12.63    5028.8    181.53
   13.16    5000.0    186.09
   13.33    4991.1    187.51
   14.12    4950.6    194.15
   14.54    4930.1    197.58
   14.98    4909.6    201.09
   15.19    4900.0    202.75
   15.81    4872.3    207.65
   16.24    4853.4    211.06
   16.70    4834.5    214.56
   17.57    4800.0    221.17
   17.72    4794.4    222.27
   18.27    4774.0    226.36
   18.85    4753.5    230.60
   19.41    4734.9    234.63
   19.97    4716.4    238.67
   20.50    4700.0    242.43
   21.23    4678.8    247.50
   21.94    4659.8    252.42
   22.66    4640.8    257.34
   23.46    4621.6    262.75
   24.34    4602.4    268.59
   24.46    4600.0    269.37
   25.45    4581.8    275.84
   26.44    4563.5    282.30
   27.10    4553.8    286.53
   27.76    4544.0    290.75
   28.59    4534.2    296.05
   29.43    4524.3    301.35
   30.25    4519.5    306.44
   31.06    4514.6    311.54
   31.88    4509.7    316.63
   32.70    4504.9    321.73
   33.51    4500.0    326.83
   34.50    4499.1    332.95
   35.49    4500.0    339.07
   36.30    4504.9    344.17
   37.12    4509.7    349.27
   37.94    4514.6    354.36
   38.75    4519.5    359.46
   39.57    4524.3    364.55
   40.41    4534.2    369.85
   41.24    4544.0    375.15
   41.90    4553.8    379.37
   42.56    4563.5    383.60
   43.55    4581.8    390.06
   44.54    4600.0    396.53
   44.66    4602.4    397.31
   45.54    4621.6    403.15
   46.34    4640.8    408.56
   47.06    4659.8    413.48
   47.77    4678.8    418.40
   48.50    4700.0    423.47
   49.03    4716.4    427.23
   49.59    4734.9    431.27
   50.15    4753.5    435.30
   50.73    4774.0    439.54
   51.28    4794.4    443.63
   51.43    4800.0    444.74
   52.30    4834.5    451.34
   52.76    4853.4    454.84
   53.19    4872.3    458.25
   53.81    4900.0    463.15
   54.02    4909.6    464.81
   54.46    4930.1    468.32
   54.88    4950.6    471.75
   55.67    4991.1    478.39
   55.84    5000.0    479.81
   56.37    5028.8    484.37
   57.03    5066.1    490.14
   57.46    5091.5    494.00
   57.60    5100.0    495.27
   57.67    5104.1    495.89
   57.77    5110.3    496.82
   57.82    5113.5    497.28
   57.85    5115.0    497.51
   57.87    5116.6    497.75
   58.36    5146.9    502.21
   58.82    5176.9    506.57
   59.17    5200.0    509.88
   59.46    5220.2    512.75
   59.75    5240.3    515.57
   60.17    5270.3    519.74
   60.57    5300.0    523.84
   60.88    5324.1    527.12
   61.04    5336.1    528.75
   61.19    5348.1    530.36
   61.36    5361.1    532.12
   61.52    5374.1    533.86
   61.68    5387.1    535.59
   61.83    5400.0    537.30
   61.95    5409.5    538.56
   62.00    5414.2    539.18
   62.06    5418.9    539.80
   62.11    5423.6    540.42
   62.17    5428.3    541.04
   62.22    5433.0    541.66
   62.25    5435.3    541.96
   62.27    5436.5    542.12
   62.28    5437.6    542.27
   62.40    5447.9    543.62
   62.48    5454.7    544.51
   62.73    5477.4    547.47
   62.99    5500.0    550.40
   63.09    5509.5    551.62
   63.19    5519.0    552.85
   63.40    5537.9    555.28
   63.46    5544.0    556.06
   63.52    5550.0    556.83
   63.65    5562.1    558.38
   63.85    5581.1    560.80
   64.04    5600.0    563.20
   64.27    5623.1    566.12
   64.53    5650.0    569.52
   64.74    5672.2    572.32
   64.84    5683.3    573.70
   64.94    5694.2    575.07
   64.97    5697.6    575.50
   65.00    5701.0    575.92
   65.15    5718.5    578.15
   65.29    5736.0    580.35
   65.33    5740.7    580.94
   65.37    5745.3    581.53
   65.47    5758.2    583.16
   65.52    5764.6    583.97
   65.57    5771.0    584.77
   65.71    5787.7    586.89
   65.83    5804.2    588.97
   65.89    5812.3    590.00
   65.96    5820.4    591.02
   65.96    5821.0    591.09
   66.06    5834.8    592.84
   66.16    5848.3    594.57
   66.21    5855.1    595.42
   66.26    5861.7    596.27
   66.32    5871.0    597.45
   66.46    5891.1    600.03
   66.56    5906.2    601.96
   66.66    5921.0    603.87
   66.70    5926.9    604.62
   66.74    5932.7    605.38
   66.76    5935.6    605.75
   66.87    5953.5    608.06
   66.93    5962.3    609.21
   66.98    5971.0    610.35
   67.06    5984.5    612.13
   67.16    6001.4    614.38
   67.25    6016.0    616.31
   67.37    6037.7    619.20
   67.49    6059.2    622.06
   67.50    6060.1    622.18
   67.50    6061.0    622.30
   67.61    6080.5    624.90
   67.68    6093.3    626.61
   67.75    6106.0    628.31
   67.78    6111.6    629.06
   67.81    6117.1    629.80
   67.87    6128.2    631.28
   67.89    6130.6    631.61
   67.90    6133.1    631.94
   67.95    6142.1    633.15
   67.97    6146.5    633.75
   67.98    6148.8    634.05
   68.00    6151.0    634.35
   68.08    6168.5    636.81
   68.16    6186.0    639.27
   68.25    6203.5    641.73
   68.33    6221.0    644.19
   68.41    6238.5    646.63
   68.46    6247.2    647.86
   68.50    6256.0    649.08
   68.53    6263.3    650.09
   68.54    6264.0    650.20
   68.60    6277.5    652.08
   68.66    6291.0    653.96
   68.71    6301.0    655.35
   68.75    6311.0    656.74
   68.78    6316.0    657.43
   68.80    6321.0    658.12
   68.82    6326.0    658.82
   68.85    6331.0    659.51
   68.87    6334.9    660.05
   68.88    6338.8    660.59
   68.90    6342.7    661.13
   68.91    6344.6    661.40
   68.92    6346.6    661.67
   68.92    6346.9    661.72
   68.94    6351.4    662.44
   68.95    6353.7    662.80
   68.95    6354.9    662.99
   68.95    6356.0    663.17
   68.98    6363.5    664.53
   68.99    6367.3    665.22
   68.99    6369.1    665.56
   69.00    6370.1    665.73
   69.00    6371.0    665.90
