    0.00    6371.0      0.00
    0.00    6370.1      0.17
    0.00    6369.1      0.33
    0.01    6367.3      0.67
    0.02    6363.5      1.34
    0.04    6356.0      2.67
    0.04    6354.9      2.85
    0.04    6353.7      3.02
    0.05    6351.4      3.38
    0.06    6346.9      4.08
    0.06    6346.6      4.12
    0.07    6344.6      4.38
    0.08    6342.7      4.64
    0.09    6338.8      5.15
    0.10    6334.9      5.67
    0.12    6331.0      6.18
    0.13    6326.0      6.84
    0.15    6321.0      7.50
    0.17    6316.0      8.16
    0.18    6311.0      8.82
    0.22    6301.0     10.15
    0.25    6291.0     11.47
    0.30    6277.5     13.26
    0.35    6264.0     15.05
    0.35    6263.3     15.15
    0.38    6256.0     16.12
    0.41    6247.2     17.28
    0.44    6238.5     18.45
    0.50    6221.0     20.78
    0.56    6203.5     23.11
    0.62    6186.0     25.45
    0.69    6168.5     27.80
    0.75    6151.0     30.14
    0.76    6148.8     30.42
    0.77    6146.5     30.70
    0.78    6142.1     31.27
    0.82    6133.1     32.40
    0.83    6130.6     32.71
    0.84    6128.2     33.03
    0.88    6117.1     34.42
    0.90    6111.6     35.12
    0.93    6106.0     35.82
    0.98    6093.3     37.42
    1.03    6080.5     39.03
    1.11    6061.0     41.46
    1.11    6060.1     41.58
    1.12    6059.2     41.69
    1.21    6037.7     44.37
    1.30    6016.0     47.07
    1.36    6001.4     48.87
    1.43    5984.5     50.97
    1.49    5971.0     52.64
    1.53    5962.3     53.69
    1.57    5953.5     54.75
    1.65    5935.6     56.89
    1.67    5932.7     57.23
    1.70    5926.9     57.93
    1.72    5921.0     58.62
    1.79    5906.2     60.38
    1.87    5891.1     62.15
    1.97    5871.0     64.50
    2.01    5861.7     65.58
    2.05    5855.1     66.35
    2.08    5848.3     67.13
    2.15    5834.8     68.70
    2.22    5821.0     70.28
    2.23    5820.4     70.35
    2.27    5812.3     71.27
    2.31    5804.2     72.20
    2.40    5787.7     74.07
    2.49    5771.0     75.96
    2.53    5764.6     76.68
    2.57    5758.2     77.41
    2.64    5745.3     78.86
    2.66    5740.7     79.38
    2.69    5736.0     79.91
    2.79    5718.5     81.87
    2.89    5701.0     83.85
    2.91    5697.6     84.22
    2.93    5694.2     84.59
    3.00    5683.3     85.78
    3.07    5672.2     86.98
    3.21    5650.0     89.40
    3.39    5623.1     92.32
    3.54    5600.0     94.82
    3.67    5581.1     96.85
    3.80    5562.1     98.91
    3.88    5550.0    100.21
    3.93    5544.0    100.87
    3.97    5537.9    101.53
    4.10    5519.0    103.57
    4.17    5509.5    104.59
    4.24    5500.0    105.62
    4.40    5477.4    108.06
    4.57    5454.7    110.51
    4.62    5447.9    111.25
    4.69    5437.6    112.36
    4.70    5436.5    112.48
    4.71    5435.3    112.61
    4.73    5433.0    112.86
    4.77    5428.3    113.37
    4.80    5423.6    113.88
    4.84    5418.9    114.39
    4.87    5414.2    114.90
    4.91    5409.5    115.41
    4.98    5400.0    116.43
    5.08    5387.1    117.83
    5.18    5374.1    119.23
    5.28    5361.1    120.64
    5.39    5348.1    122.05
    5.48    5336.1    123.35
    5.58    5324.1    124.65
    5.78    5300.0    127.27
    6.02    5270.3    130.50
    6.28    5240.3    133.76
    6.45    5220.2    135.96
    6.63    5200.0    138.17
    6.84    5176.9    140.69
    7.11    5146.9    143.99
    7.39    5116.6    147.32
    7.41    5115.0    147.49
    7.42    5113.5    147.66
    7.45    5110.3    148.01
    7.51    5104.1    148.69
    7.55    5100.0    149.15
    7.63    5091.5    150.08
    7.88    5066.1    152.90
    8.25    5028.8    157.04
    8.54    5000.0    160.25
    8.63    4991.1    161.24
    9.06    4950.6    165.79
    9.28    4930.1    168.10
    9.50    4909.6    170.42
    9.61    4900.0    171.51
    9.92    4872.3    174.66
   10.14    4853.4    176.81
   10.36    4834.5    178.98
   10.77    4800.0    182.96
   10.84    4794.4    183.61
   11.09    4774.0    185.98
   11.34    4753.5    188.37
   11.81    4716.4    192.73
   12.03    4700.0    194.66
   12.31    4678.8    197.18
   12.83    4640.8    201.74
   13.10    4621.6    204.05
   13.37    4602.4    206.39
   13.41    4600.0    206.68
   13.94    4563.5    211.16
   14.24    4544.0    213.59
   14.54    4524.3    216.04
   14.92    4500.0    219.10
   15.17    4484.7    221.04
   15.83    4444.7    226.18
   15.92    4439.7    226.83
   16.61    4400.0    232.04
   16.99    4378.9    234.84
   17.12    4371.6    235.83
   17.79    4335.9    240.67
   18.49    4300.0    245.64
   19.31    4260.5    251.24
   20.17    4220.8    257.04
   20.40    4210.4    258.59
   20.64    4200.0    260.15
   21.24    4175.1    263.99
   21.83    4150.2    267.83
   22.49    4125.1    271.89
   23.14    4100.0    275.96
   23.43    4089.4    277.74
   23.67    4080.8    279.19
   23.91    4072.3    280.66
   24.45    4054.3    283.83
   24.98    4036.2    287.01
   25.55    4018.2    290.33
   26.15    4000.0    293.77
   26.79    3981.6    297.43
   27.44    3963.2    301.08
   28.16    3944.6    305.07
   28.88    3926.1    309.05
   29.43    3913.1    312.04
   30.01    3900.0    315.15
   30.85    3883.4    319.56
   31.69    3866.8    323.98
   32.53    3850.2    328.40
   33.39    3837.7    332.77
   34.25    3825.1    337.15
   35.11    3812.6    341.52
   35.97    3800.0    345.90
   36.81    3790.8    350.07
   37.23    3786.6    352.14
   37.67    3782.4    354.35
   38.65    3778.1    359.08
   39.62    3773.7    363.82
   40.59    3769.4    368.55
   41.56    3765.1    373.28
   42.53    3760.7    378.02
   43.50    3756.4    382.75
   44.47    3760.7    387.49
   45.44    3765.1    392.22
   46.41    3769.4    396.95
   47.38    3773.7    401.69
   48.35    3778.1    406.42
   49.33    3782.4    411.15
   49.77    3786.6    413.37
   50.19    3790.8    415.44
   51.03    3800.0    419.61
   51.89    3812.6    423.98
   52.75    3825.1    428.36
   53.61    3837.7    432.73
   54.47    3850.2    437.11
   55.31    3866.8    441.53
   56.15    3883.4    445.94
   56.99    3900.0    450.36
   57.57    3913.1    453.47
   58.12    3926.1    456.45
   58.84    3944.6    460.44
   59.56    3963.2    464.42
   60.21    3981.6    468.08
   60.85    4000.0    471.74
   61.45    4018.2    475.17
   62.02    4036.2    478.49
   62.55    4054.3    481.67
   63.09    4072.3    484.85
   63.33    4080.8    486.32
   63.57    4089.4    487.77
   63.86    4100.0    489.54
   64.51    4125.1    493.61
   65.17    4150.2    497.68
   65.76    4175.1    501.51
   66.36    4200.0    505.35
   66.60    4210.4    506.91
   66.83    4220.8    508.46
   67.69    4260.5    514.26
   68.51    4300.0    519.86
   69.21    4335.9    524.84
   69.88    4371.6    529.68
   70.01    4378.9    530.66
   70.39    4400.0    533.47
   71.08    4439.7    538.67
   71.17    4444.7    539.32
   71.83    4484.7    544.46
   72.08    4500.0    546.40
   72.46    4524.3    549.46
   72.76    4544.0    551.92
   73.06    4563.5    554.34
   73.59    4600.0    558.82
   73.63    4602.4    559.12
   73.90    4621.6    561.45
   74.17    4640.8    563.76
   74.69    4678.8    568.32
   74.97    4700.0    570.84
   75.19    4716.4    572.78
   75.66    4753.5    577.14
   75.91    4774.0    579.52
   76.16    4794.4    581.89
   76.23    4800.0    582.54
   76.64    4834.5    586.52
   76.86    4853.4    588.69
   77.08    4872.3    590.84
   77.39    4900.0    594.00
   77.50    4909.6    595.09
   77.72    4930.1    597.41
   77.94    4950.6    599.71
   78.37    4991.1    604.26
   78.46    5000.0    605.25
   78.75    5028.8    608.47
   79.12    5066.1    612.60
   79.37    5091.5    615.42
   79.45    5100.0    616.36
   79.49    5104.1    616.81
   79.55    5110.3    617.50
   79.58    5113.5    617.84
   79.59    5115.0    618.01
   79.61    5116.6    618.18
   79.89    5146.9    621.52
   80.16    5176.9    624.81
   80.37    5200.0    627.34
   80.55    5220.2    629.55
   80.72    5240.3    631.74
   80.98    5270.3    635.01
   81.22    5300.0    638.24
   81.42    5324.1    640.85
   81.52    5336.1    642.15
   81.61    5348.1    643.45
   81.72    5361.1    644.87
   81.82    5374.1    646.27
   81.92    5387.1    647.68
   82.02    5400.0    649.08
   82.09    5409.5    650.10
   82.13    5414.2    650.61
   82.16    5418.9    651.12
   82.20    5423.6    651.63
   82.23    5428.3    652.13
   82.27    5433.0    652.64
   82.29    5435.3    652.89
   82.30    5436.5    653.02
   82.31    5437.6    653.15
   82.38    5447.9    654.26
   82.43    5454.7    654.99
   82.60    5477.4    657.45
   82.76    5500.0    659.88
   82.83    5509.5    660.91
   82.90    5519.0    661.94
   83.03    5537.9    663.98
   83.07    5544.0    664.64
   83.12    5550.0    665.29
   83.20    5562.1    666.60
   83.33    5581.1    668.65
   83.46    5600.0    670.69
   83.61    5623.1    673.18
   83.79    5650.0    676.11
   83.93    5672.2    678.52
   84.00    5683.3    679.72
   84.07    5694.2    680.92
   84.09    5697.6    681.29
   84.11    5701.0    681.66
   84.21    5718.5    683.63
   84.31    5736.0    685.60
   84.34    5740.7    686.12
   84.36    5745.3    686.65
   84.43    5758.2    688.10
   84.47    5764.6    688.82
   84.51    5771.0    689.54
   84.60    5787.7    691.44
   84.69    5804.2    693.31
   84.73    5812.3    694.24
   84.77    5820.4    695.16
   84.78    5821.0    695.23
   84.85    5834.8    696.81
   84.92    5848.3    698.37
   84.95    5855.1    699.15
   84.99    5861.7    699.92
   85.03    5871.0    701.00
   85.13    5891.1    703.36
   85.21    5906.2    705.13
   85.28    5921.0    706.88
   85.30    5926.9    707.58
   85.33    5932.7    708.27
   85.35    5935.6    708.62
   85.43    5953.5    710.76
   85.47    5962.3    711.82
   85.51    5971.0    712.87
   85.57    5984.5    714.53
   85.64    6001.4    716.63
   85.70    6016.0    718.44
   85.79    6037.7    721.13
   85.88    6059.2    723.81
   85.89    6060.1    723.93
   85.89    6061.0    724.04
   85.97    6080.5    726.48
   86.02    6093.3    728.08
   86.07    6106.0    729.68
   86.10    6111.6    730.38
   86.12    6117.1    731.08
   86.16    6128.2    732.48
   86.17    6130.6    732.79
   86.18    6133.1    733.10
   86.22    6142.1    734.24
   86.23    6146.5    734.80
   86.24    6148.8    735.08
   86.25    6151.0    735.36
   86.31    6168.5    737.71
   86.38    6186.0    740.05
   86.44    6203.5    742.39
   86.50    6221.0    744.73
   86.56    6238.5    747.06
   86.59    6247.2    748.22
   86.62    6256.0    749.39
   86.65    6263.3    750.35
   86.65    6264.0    750.45
   86.70    6277.5    752.24
   86.75    6291.0    754.03
   86.78    6301.0    755.36
   86.82    6311.0    756.68
   86.83    6316.0    757.34
   86.85    6321.0    758.00
   86.87    6326.0    758.66
   86.88    6331.0    759.32
   86.90    6334.9    759.84
   86.91    6338.8    760.35
   86.92    6342.7    760.87
   86.93    6344.6    761.13
   86.94    6346.6    761.38
   86.94    6346.9    761.43
   86.95    6351.4    762.13
   86.96    6353.7    762.48
   86.96    6354.9    762.66
   86.96    6356.0    762.83
   86.98    6363.5    764.17
   86.99    6367.3    764.84
   87.00    6369.1    765.17
   87.00    6370.1    765.34
   87.00    6371.0    765.50
