    0.00    6371.0      0.00
    0.00    6370.1      0.17
    0.01    6369.1      0.34
    0.01    6367.3      0.68
    0.02    6363.5      1.36
    0.05    6356.0      2.73
    0.05    6354.9      2.91
    0.05    6353.7      3.09
    0.06    6351.4      3.45
    0.08    6346.9      4.18
    0.08    6346.6      4.22
    0.09    6344.6      4.49
    0.10    6342.7      4.76
    0.12    6338.8      5.30
    0.13    6334.9      5.84
    0.15    6331.0      6.38
    0.17    6326.0      7.07
    0.20    6321.0      7.76
    0.22    6316.0      8.45
    0.24    6311.0      9.14
    0.29    6301.0     10.53
    0.33    6291.0     11.91
    0.40    6277.5     13.79
    0.46    6264.0     15.66
    0.46    6263.3     15.77
    0.50    6256.0     16.78
    0.54    6247.2     18.00
    0.58    6238.5     19.22
    0.66    6221.0     21.66
    0.74    6203.5     24.11
    0.82    6186.0     26.55
    0.91    6168.5     29.01
    0.99    6151.0     31.47
    1.00    6148.8     31.76
    1.01    6146.5     32.06
    1.04    6142.1     32.66
    1.08    6133.1     33.86
    1.10    6130.6     34.19
    1.11    6128.2     34.52
    1.17    6117.1     36.00
    1.20    6111.6     36.74
    1.23    6106.0     37.48
    1.30    6093.3     39.18
    1.37    6080.5     40.88
    1.47    6061.0     43.46
    1.48    6060.1     43.59
    1.48    6059.2     43.71
    1.60    6037.7     46.56
    1.73    6016.0     49.43
    1.81    6001.4     51.35
    1.91    5984.5     53.59
    1.99    5971.0     55.37
    2.04    5962.3     56.50
    2.10    5953.5     57.64
    2.21    5935.6     59.95
    2.23    5932.7     60.32
    2.27    5926.9     61.07
    2.30    5921.0     61.82
    2.40    5906.2     63.71
    2.50    5891.1     65.64
    2.64    5871.0     68.20
    2.70    5861.7     69.37
    2.75    5855.1     70.22
    2.80    5848.3     71.07
    2.89    5834.8     72.78
    2.99    5821.0     74.52
    3.00    5820.4     74.59
    3.06    5812.3     75.61
    3.12    5804.2     76.63
    3.24    5787.7     78.70
    3.37    5771.0     80.79
    3.42    5764.6     81.60
    3.47    5758.2     82.40
    3.57    5745.3     84.01
    3.61    5740.7     84.60
    3.65    5736.0     85.18
    3.79    5718.5     87.37
    3.93    5701.0     89.58
    3.96    5697.6     90.00
    3.99    5694.2     90.42
    4.09    5683.3     91.78
    4.19    5672.2     93.15
    4.40    5650.0     95.92
    4.65    5623.1     99.29
    4.88    5600.0    102.17
    5.06    5581.1    104.55
    5.26    5562.1    106.94
    5.38    5550.0    108.47
    5.44    5544.0    109.24
    5.51    5537.9    110.01
    5.70    5519.0    112.41
    5.80    5509.5    113.62
    5.91    5500.0    114.83
    6.15    5477.4    117.72
    6.40    5454.7    120.65
    6.48    5447.9    121.52
    6.59    5437.6    122.85
    6.61    5436.5    123.00
    6.62    5435.3    123.15
    6.65    5433.0    123.46
    6.70    5428.3    124.07
    6.76    5423.6    124.68
    6.81    5418.9    125.29
    6.86    5414.2    125.90
    6.92    5409.5    126.52
    7.03    5400.0    127.75
    7.18    5387.1    129.44
    7.34    5374.1    131.14
    7.50    5361.1    132.86
    7.66    5348.1    134.59
    7.80    5336.1    136.18
    7.95    5324.1    137.78
    8.26    5300.0    141.01
    8.65    5270.3    145.03
    9.06    5240.3    149.12
    9.34    5220.2    151.90
    9.62    5200.0    154.71
    9.96    5176.9    157.95
   10.40    5146.9    162.22
   10.87    5116.6    166.59
   10.90    5115.0    166.81
   10.92    5113.5    167.04
   10.97    5110.3    167.49
   11.07    5104.1    168.40
   11.13    5100.0    169.00
   11.27    5091.5    170.24
   11.69    5066.1    174.01
   12.32    5028.8    179.62
   12.83    5000.0    184.06
   12.99    4991.1    185.44
   13.75    4950.6    191.87
   14.15    4930.1    195.18
   14.57    4909.6    198.57
   14.77    4900.0    200.17
   15.36    4872.3    204.88
   15.77    4853.4    208.15
   16.20    4834.5    211.50
   17.02    4800.0    217.79
   17.16    4794.4    218.84
   17.68    4774.0    222.71
   18.22    4753.5    226.70
   18.74    4734.9    230.48
   19.25    4716.4    234.26
   19.74    4700.0    237.75
   20.40    4678.8    242.42
   21.05    4659.8    246.89
   21.69    4640.8    251.35
   22.40    4621.6    256.17
   23.16    4602.4    261.28
   23.26    4600.0    261.96
   24.08    4581.8    267.36
   24.89    4563.5    272.77
   25.40    4553.8    276.06
   25.91    4544.0    279.34
   26.49    4534.2    283.06
   27.07    4524.3    286.77
   27.94    4512.2    292.30
   28.81    4500.0    297.82
   29.53    4492.4    302.29
   30.25    4484.7    306.76
   31.20    4480.4    312.61
   32.15    4476.0    318.47
   33.10    4471.6    324.32
   34.05    4467.2    330.18
   35.00    4462.9    336.03
   35.95    4467.2    341.89
   36.90    4471.6    347.74
   37.85    4476.0    353.60
   38.80    4480.4    359.45
   39.75    4484.7    365.31
   40.47    4492.4    369.77
   41.19    4500.0    374.24
   42.06    4512.2    379.77
   42.93    4524.3    385.30
   43.51    4534.2    389.01
   44.09    4544.0    392.72
   44.60    4553.8    396.01
   45.11    4563.5    399.30
   45.92    4581.8    404.70
   46.74    4600.0    410.11
   46.84    4602.4    410.78
   47.60    4621.6    415.89
   48.31    4640.8    420.71
   48.95    4659.8    425.17
   49.60    4678.8    429.64
   50.26    4700.0    434.32
   50.75    4716.4    437.80
   51.26    4734.9    441.58
   51.78    4753.5    445.36
   52.32    4774.0    449.36
   52.84    4794.4    453.22
   52.98    4800.0    454.28
   53.80    4834.5    460.57
   54.23    4853.4    463.91
   54.64    4872.3    467.18
   55.23    4900.0    471.90
   55.43    4909.6    473.50
   55.85    4930.1    476.88
   56.25    4950.6    480.19
   57.01    4991.1    486.63
   57.17    5000.0    488.01
   57.68    5028.8    492.44
   58.31    5066.1    498.05
   58.73    5091.5    501.82
   58.87    5100.0    503.06
   58.93    5104.1    503.67
   59.03    5110.3    504.57
   59.08    5113.5    505.03
   59.10    5115.0    505.25
   59.13    5116.6    505.48
   59.60    5146.9    509.84
   60.04    5176.9    514.11
   60.38    5200.0    517.35
   60.66    5220.2    520.16
   60.94    5240.3    522.94
   61.35    5270.3    527.03
   61.74    5300.0    531.05
   62.05    5324.1    534.29
   62.20    5336.1    535.89
   62.34    5348.1    537.48
   62.51    5361.1    539.20
   62.66    5374.1    540.92
   62.82    5387.1    542.62
   62.97    5400.0    544.31
   63.08    5409.5    545.55
   63.14    5414.2    546.16
   63.19    5418.9    546.78
   63.24    5423.6    547.39
   63.30    5428.3    548.00
   63.35    5433.0    548.61
   63.38    5435.3    548.91
   63.39    5436.5    549.06
   63.41    5437.6    549.21
   63.52    5447.9    550.54
   63.60    5454.7    551.42
   63.85    5477.4    554.34
   64.09    5500.0    557.23
   64.20    5509.5    558.45
   64.30    5519.0    559.66
   64.49    5537.9    562.06
   64.56    5544.0    562.83
   64.62    5550.0    563.59
   64.74    5562.1    565.12
   64.94    5581.1    567.52
   65.12    5600.0    569.89
   65.35    5623.1    572.78
   65.60    5650.0    576.14
   65.81    5672.2    578.91
   65.91    5683.3    580.28
   66.01    5694.2    581.64
   66.04    5697.6    582.07
   66.07    5701.0    582.49
   66.21    5718.5    584.69
   66.35    5736.0    586.88
   66.39    5740.7    587.47
   66.43    5745.3    588.05
   66.53    5758.2    589.67
   66.58    5764.6    590.47
   66.63    5771.0    591.27
   66.76    5787.7    593.37
   66.88    5804.2    595.43
   66.94    5812.3    596.46
   67.00    5820.4    597.47
   67.01    5821.0    597.55
   67.11    5834.8    599.28
   67.20    5848.3    601.00
   67.25    5855.1    601.85
   67.30    5861.7    602.69
   67.36    5871.0    603.87
   67.50    5891.1    606.43
   67.60    5906.2    608.35
   67.70    5921.0    610.24
   67.73    5926.9    611.00
   67.77    5932.7    611.75
   67.79    5935.6    612.12
   67.90    5953.5    614.42
   67.96    5962.3    615.56
   68.01    5971.0    616.69
   68.09    5984.5    618.47
   68.19    6001.4    620.71
   68.27    6016.0    622.64
   68.40    6037.7    625.51
   68.52    6059.2    628.36
   68.52    6060.1    628.48
   68.53    6061.0    628.60
   68.63    6080.5    631.18
   68.70    6093.3    632.89
   68.77    6106.0    634.59
   68.80    6111.6    635.33
   68.83    6117.1    636.07
   68.89    6128.2    637.54
   68.90    6130.6    637.87
   68.92    6133.1    638.20
   68.96    6142.1    639.40
   68.99    6146.5    640.00
   69.00    6148.8    640.30
   69.01    6151.0    640.60
   69.09    6168.5    643.05
   69.18    6186.0    645.51
   69.26    6203.5    647.96
   69.34    6221.0    650.41
   69.42    6238.5    652.85
   69.46    6247.2    654.07
   69.50    6256.0    655.29
   69.54    6263.3    656.30
   69.54    6264.0    656.40
   69.60    6277.5    658.28
   69.67    6291.0    660.15
   69.71    6301.0    661.54
   69.76    6311.0    662.92
   69.78    6316.0    663.61
   69.80    6321.0    664.30
   69.83    6326.0    665.00
   69.85    6331.0    665.69
   69.87    6334.9    666.23
   69.88    6338.8    666.76
   69.90    6342.7    667.30
   69.91    6344.6    667.57
   69.92    6346.6    667.84
   69.92    6346.9    667.89
   69.94    6351.4    668.61
   69.95    6353.7    668.97
   69.95    6354.9    669.15
   69.95    6356.0    669.33
   69.98    6363.5    670.70
   69.99    6367.3    671.38
   69.99    6369.1    671.72
   70.00    6370.1    671.89
   70.00    6371.0    672.06
