    0.00    6371.0      0.00
    0.00    6370.1      0.17
    0.01    6369.1      0.34
    0.01    6367.3      0.68
    0.02    6363.5      1.36
    0.04    6356.0      2.72
    0.05    6354.9      2.90
    0.05    6353.7      3.08
    0.06    6351.4      3.44
    0.08    6346.9      4.16
    0.08    6346.6      4.20
    0.09    6344.6      4.47
    0.09    6342.7      4.74
    0.11    6338.8      5.27
    0.13    6334.9      5.80
    0.14    6331.0      6.34
    0.17    6326.0      7.02
    0.19    6321.0      7.71
    0.21    6316.0      8.39
    0.23    6311.0      9.08
    0.28    6301.0     10.45
    0.32    6291.0     11.83
    0.38    6277.5     13.68
    0.44    6264.0     15.54
    0.44    6263.3     15.64
    0.47    6256.0     16.65
    0.51    6247.2     17.86
    0.55    6238.5     19.06
    0.63    6221.0     21.48
    0.71    6203.5     23.91
    0.79    6186.0     26.33
    0.87    6168.5     28.77
    0.95    6151.0     31.20
    0.96    6148.8     31.50
    0.97    6146.5     31.79
    0.99    6142.1     32.38
    1.04    6133.1     33.57
    1.05    6130.6     33.90
    1.06    6128.2     34.22
    1.12    6117.1     35.68
    1.15    6111.6     36.42
    1.17    6106.0     37.15
    1.24    6093.3     38.83
    1.31    6080.5     40.51
    1.41    6061.0     43.07
    1.41    6060.1     43.18
    1.42    6059.2     43.30
    1.53    6037.7     46.12
    1.65    6016.0     48.96
    1.73    6001.4     50.86
    1.82    5984.5     53.07
    1.90    5971.0     54.82
    1.95    5962.3     55.94
    2.00    5953.5     57.06
    2.11    5935.6     59.33
    2.13    5932.7     59.70
    2.16    5926.9     60.43
    2.20    5921.0     61.18
    2.29    5906.2     63.04
    2.38    5891.1     64.93
    2.51    5871.0     67.45
    2.57    5861.7     68.61
    2.62    5855.1     69.44
    2.66    5848.3     70.27
    2.76    5834.8     71.95
    2.85    5821.0     73.66
    2.85    5820.4     73.73
    2.91    5812.3     74.73
    2.97    5804.2     75.73
    3.09    5787.7     77.75
    3.21    5771.0     79.81
    3.26    5764.6     80.59
    3.30    5758.2     81.38
    3.40    5745.3     82.96
    3.43    5740.7     83.53
    3.47    5736.0     84.10
    3.60    5718.5     86.24
    3.74    5701.0     88.40
    3.76    5697.6     88.81
    3.79    5694.2     89.22
    3.89    5683.3     90.54
    3.98    5672.2     91.87
    4.17    5650.0     94.57
    4.41    5623.1     97.83
    4.62    5600.0    100.63
    4.80    5581.1    102.93
    4.97    5562.1    105.25
    5.09    5550.0    106.73
    5.15    5544.0    107.47
    5.21    5537.9    108.21
    5.39    5519.0    110.53
    5.49    5509.5    111.70
    5.58    5500.0    112.87
    5.81    5477.4    115.66
    6.04    5454.7    118.47
    6.11    5447.9    119.31
    6.22    5437.6    120.59
    6.23    5436.5    120.74
    6.24    5435.3    120.88
    6.27    5433.0    121.18
    6.32    5428.3    121.76
    6.37    5423.6    122.35
    6.42    5418.9    122.93
    6.47    5414.2    123.52
    6.52    5409.5    124.11
    6.62    5400.0    125.30
    6.76    5387.1    126.92
    6.91    5374.1    128.55
    7.05    5361.1    130.19
    7.20    5348.1    131.85
    7.34    5336.1    133.37
    7.48    5324.1    134.89
    7.76    5300.0    137.98
    8.12    5270.3    141.81
    8.49    5240.3    145.70
    8.74    5220.2    148.33
    9.00    5200.0    150.99
    9.31    5176.9    154.05
    9.71    5146.9    158.07
   10.14    5116.6    162.17
   10.16    5115.0    162.38
   10.18    5113.5    162.59
   10.23    5110.3    163.01
   10.31    5104.1    163.86
   10.37    5100.0    164.43
   10.50    5091.5    165.59
   10.87    5066.1    169.11
   11.44    5028.8    174.32
   11.90    5000.0    178.42
   12.04    4991.1    179.69
   12.71    4950.6    185.60
   13.06    4930.1    188.62
   13.43    4909.6    191.69
   13.60    4900.0    193.14
   14.11    4872.3    197.39
   14.47    4853.4    200.32
   14.84    4834.5    203.30
   15.54    4800.0    208.86
   15.66    4794.4    209.78
   16.09    4774.0    213.15
   16.54    4753.5    216.61
   17.39    4716.4    223.05
   17.79    4700.0    225.97
   18.32    4678.8    229.84
   18.82    4659.8    233.45
   19.32    4640.8    237.05
   19.85    4621.6    240.83
   20.41    4602.4    244.73
   20.48    4600.0    245.24
   21.05    4581.8    249.15
   21.62    4563.5    253.06
   22.28    4544.0    257.50
   22.98    4524.3    262.16
   23.92    4500.0    268.27
   24.55    4484.7    272.34
   25.47    4464.7    278.26
   26.40    4444.7    284.17
   26.66    4439.7    285.80
   27.47    4426.5    290.75
   28.27    4413.2    295.71
   29.07    4400.0    300.66
   29.92    4389.5    305.81
   30.77    4378.9    310.97
   31.50    4371.6    315.38
   32.50    4366.9    321.32
   33.50    4362.3    327.25
   34.50    4357.6    333.19
   35.50    4353.0    339.12
   36.50    4348.4    345.06
   37.50    4353.0    350.99
   38.50    4357.6    356.93
   39.50    4362.3    362.87
   40.50    4366.9    368.80
   41.50    4371.6    374.74
   42.23    4378.9    379.15
   43.08    4389.5    384.30
   43.93    4400.0    389.46
   44.73    4413.2    394.41
   45.53    4426.5    399.37
   46.34    4439.7    404.32
   46.60    4444.7    405.95
   47.53    4464.7    411.86
   48.45    4484.7    417.77
   49.08    4500.0    421.84
   50.02    4524.3    427.96
   50.72    4544.0    432.62
   51.38    4563.5    437.06
   51.95    4581.8    440.97
   52.52    4600.0    444.88
   52.59    4602.4    445.39
   53.15    4621.6    449.29
   53.68    4640.8    453.07
   54.18    4659.8    456.67
   54.68    4678.8    460.28
   55.21    4700.0    464.15
   55.61    4716.4    467.07
   56.46    4753.5    473.51
   56.91    4774.0    476.96
   57.34    4794.4    480.34
   57.46    4800.0    481.26
   58.16    4834.5    486.82
   58.53    4853.4    489.80
   58.89    4872.3    492.73
   59.40    4900.0    496.97
   59.57    4909.6    498.42
   59.94    4930.1    501.50
   60.29    4950.6    504.52
   60.96    4991.1    510.43
   61.10    5000.0    511.70
   61.56    5028.8    515.80
   62.13    5066.1    521.01
   62.50    5091.5    524.53
   62.63    5100.0    525.69
   62.69    5104.1    526.25
   62.77    5110.3    527.10
   62.82    5113.5    527.53
   62.84    5115.0    527.74
   62.86    5116.6    527.95
   63.29    5146.9    532.05
   63.69    5176.9    536.07
   64.00    5200.0    539.13
   64.26    5220.2    541.79
   64.51    5240.3    544.42
   64.88    5270.3    548.31
   65.24    5300.0    552.14
   65.52    5324.1    555.22
   65.66    5336.1    556.75
   65.80    5348.1    558.27
   65.95    5361.1    559.92
   66.09    5374.1    561.57
   66.24    5387.1    563.20
   66.38    5400.0    564.82
   66.48    5409.5    566.01
   66.53    5414.2    566.60
   66.58    5418.9    567.18
   66.63    5423.6    567.77
   66.68    5428.3    568.36
   66.73    5433.0    568.94
   66.76    5435.3    569.23
   66.77    5436.5    569.38
   66.78    5437.6    569.53
   66.89    5447.9    570.80
   66.96    5454.7    571.65
   67.19    5477.4    574.46
   67.42    5500.0    577.25
   67.51    5509.5    578.42
   67.61    5519.0    579.59
   67.79    5537.9    581.90
   67.85    5544.0    582.65
   67.91    5550.0    583.39
   68.03    5562.1    584.87
   68.20    5581.1    587.19
   68.38    5600.0    589.48
   68.59    5623.1    592.28
   68.83    5650.0    595.55
   69.02    5672.2    598.24
   69.11    5683.3    599.58
   69.21    5694.2    600.90
   69.24    5697.6    601.31
   69.26    5701.0    601.72
   69.40    5718.5    603.88
   69.53    5736.0    606.02
   69.57    5740.7    606.59
   69.60    5745.3    607.16
   69.70    5758.2    608.74
   69.74    5764.6    609.53
   69.79    5771.0    610.31
   69.91    5787.7    612.37
   70.03    5804.2    614.39
   70.09    5812.3    615.39
   70.15    5820.4    616.39
   70.15    5821.0    616.46
   70.24    5834.8    618.17
   70.34    5848.3    619.85
   70.38    5855.1    620.68
   70.43    5861.7    621.51
   70.49    5871.0    622.67
   70.62    5891.1    625.19
   70.71    5906.2    627.08
   70.80    5921.0    628.94
   70.84    5926.9    629.68
   70.87    5932.7    630.42
   70.89    5935.6    630.79
   71.00    5953.5    633.06
   71.05    5962.3    634.18
   71.10    5971.0    635.30
   71.18    5984.5    637.05
   71.27    6001.4    639.26
   71.35    6016.0    641.16
   71.47    6037.7    644.00
   71.58    6059.2    646.81
   71.59    6060.1    646.93
   71.59    6061.0    647.05
   71.69    6080.5    649.61
   71.76    6093.3    651.29
   71.83    6106.0    652.97
   71.85    6111.6    653.70
   71.88    6117.1    654.44
   71.94    6128.2    655.90
   71.95    6130.6    656.22
   71.96    6133.1    656.55
   72.01    6142.1    657.73
   72.03    6146.5    658.32
   72.04    6148.8    658.62
   72.05    6151.0    658.92
   72.13    6168.5    661.35
   72.21    6186.0    663.78
   72.29    6203.5    666.21
   72.37    6221.0    668.64
   72.45    6238.5    671.05
   72.49    6247.2    672.26
   72.53    6256.0    673.47
   72.56    6263.3    674.47
   72.56    6264.0    674.58
   72.62    6277.5    676.44
   72.68    6291.0    678.29
   72.72    6301.0    679.67
   72.77    6311.0    681.04
   72.79    6316.0    681.72
   72.81    6321.0    682.41
   72.83    6326.0    683.10
   72.86    6331.0    683.78
   72.87    6334.9    684.31
   72.89    6338.8    684.85
   72.91    6342.7    685.38
   72.91    6344.6    685.65
   72.92    6346.6    685.92
   72.92    6346.9    685.96
   72.94    6351.4    686.68
   72.95    6353.7    687.04
   72.95    6354.9    687.22
   72.96    6356.0    687.40
   72.98    6363.5    688.76
   72.99    6367.3    689.44
   72.99    6369.1    689.78
   73.00    6370.1    689.95
   73.00    6371.0    690.12
