    0.00    6371.0      0.00
    0.00    6370.1      0.17
    0.00    6369.1      0.34
    0.01    6367.3      0.67
    0.02    6363.5      1.35
    0.04    6356.0      2.69
    0.04    6354.9      2.87
    0.05    6353.7      3.05
    0.05    6351.4      3.40
    0.07    6346.9      4.11
    0.07    6346.6      4.15
    0.08    6344.6      4.42
    0.08    6342.7      4.68
    0.10    6338.8      5.20
    0.11    6334.9      5.72
    0.13    6331.0      6.24
    0.15    6326.0      6.91
    0.17    6321.0      7.59
    0.19    6316.0      8.26
    0.20    6311.0      8.93
    0.24    6301.0     10.27
    0.28    6291.0     11.61
    0.33    6277.5     13.43
    0.39    6264.0     15.25
    0.39    6263.3     15.35
    0.42    6256.0     16.33
    0.45    6247.2     17.51
    0.49    6238.5     18.70
    0.55    6221.0     21.06
    0.62    6203.5     23.43
    0.69    6186.0     25.81
    0.76    6168.5     28.19
    0.83    6151.0     30.57
    0.84    6148.8     30.85
    0.85    6146.5     31.14
    0.87    6142.1     31.72
    0.91    6133.1     32.87
    0.92    6130.6     33.19
    0.93    6128.2     33.51
    0.98    6117.1     34.93
    1.01    6111.6     35.64
    1.03    6106.0     36.35
    1.09    6093.3     37.98
    1.15    6080.5     39.62
    1.24    6061.0     42.10
    1.24    6060.1     42.22
    1.24    6059.2     42.34
    1.34    6037.7     45.07
    1.45    6016.0     47.82
    1.52    6001.4     49.66
    1.60    5984.5     51.81
    1.66    5971.0     53.51
    1.71    5962.3     54.59
    1.75    5953.5     55.67
    1.85    5935.6     57.86
    1.86    5932.7     58.21
    1.89    5926.9     58.92
    1.92    5921.0     59.64
    2.00    5906.2     61.44
    2.09    5891.1     63.25
    2.20    5871.0     65.67
    2.25    5861.7     66.78
    2.29    5855.1     67.58
    2.33    5848.3     68.38
    2.41    5834.8     69.99
    2.49    5821.0     71.62
    2.49    5820.4     71.69
    2.54    5812.3     72.64
    2.59    5804.2     73.59
    2.69    5787.7     75.52
    2.79    5771.0     77.48
    2.83    5764.6     78.23
    2.87    5758.2     78.97
    2.96    5745.3     80.47
    2.99    5740.7     81.02
    3.02    5736.0     81.56
    3.13    5718.5     83.59
    3.24    5701.0     85.64
    3.27    5697.6     86.02
    3.29    5694.2     86.41
    3.37    5683.3     87.65
    3.45    5672.2     88.90
    3.61    5650.0     91.42
    3.81    5623.1     94.47
    3.99    5600.0     97.08
    4.13    5581.1     99.22
    4.28    5562.1    101.37
    4.38    5550.0    102.74
    4.43    5544.0    103.42
    4.48    5537.9    104.11
    4.63    5519.0    106.26
    4.71    5509.5    107.33
    4.79    5500.0    108.42
    4.98    5477.4    110.98
    5.17    5454.7    113.57
    5.23    5447.9    114.34
    5.32    5437.6    115.51
    5.33    5436.5    115.65
    5.34    5435.3    115.78
    5.36    5433.0    116.05
    5.40    5428.3    116.58
    5.44    5423.6    117.12
    5.48    5418.9    117.66
    5.52    5414.2    118.20
    5.56    5409.5    118.73
    5.65    5400.0    119.82
    5.76    5387.1    121.29
    5.88    5374.1    122.78
    6.00    5361.1    124.27
    6.12    5348.1    125.77
    6.23    5336.1    127.15
    6.34    5324.1    128.53
    6.57    5300.0    131.32
    6.86    5270.3    134.76
    7.16    5240.3    138.24
    7.37    5220.2    140.59
    7.57    5200.0    142.96
    7.82    5176.9    145.67
    8.14    5146.9    149.22
    8.47    5116.6    152.81
    8.49    5115.0    153.00
    8.51    5113.5    153.18
    8.54    5110.3    153.55
    8.61    5104.1    154.29
    8.66    5100.0    154.78
    8.75    5091.5    155.80
    9.05    5066.1    158.85
    9.49    5028.8    163.34
    9.84    5000.0    166.85
    9.95    4991.1    167.93
   10.46    4950.6    172.92
   10.73    4930.1    175.46
   11.00    4909.6    178.02
   11.13    4900.0    179.22
   11.51    4872.3    182.72
   11.77    4853.4    185.11
   12.04    4834.5    187.53
   12.54    4800.0    191.98
   12.63    4794.4    192.71
   12.93    4774.0    195.38
   13.25    4753.5    198.08
   13.84    4716.4    203.03
   14.11    4700.0    205.24
   14.46    4678.8    208.13
   15.12    4640.8    213.39
   15.46    4621.6    216.07
   15.81    4602.4    218.80
   15.85    4600.0    219.14
   16.55    4563.5    224.42
   16.93    4544.0    227.30
   17.33    4524.3    230.23
   17.83    4500.0    233.92
   18.16    4484.7    236.27
   19.05    4444.7    242.58
   19.17    4439.7    243.38
   20.11    4400.0    249.90
   20.64    4378.9    253.47
   20.83    4371.6    254.74
   21.79    4335.9    261.04
   22.31    4317.9    264.37
   22.82    4300.0    267.70
   23.44    4280.3    271.57
   24.05    4260.5    275.45
   24.74    4240.7    279.64
   25.42    4220.8    283.84
   25.81    4210.4    286.16
   26.20    4200.0    288.54
   26.91    4183.4    292.66
   27.61    4166.8    296.79
   28.31    4150.2    300.92
   29.20    4133.5    305.95
   30.09    4116.7    310.99
   30.97    4100.0    316.02
   31.64    4089.4    319.76
   32.23    4080.8    323.01
   32.87    4072.3    326.51
   33.79    4063.3    331.53
   34.72    4054.3    336.55
   35.65    4045.3    341.58
   36.58    4036.2    346.60
   37.56    4033.1    351.83
   38.54    4029.9    357.06
   39.52    4026.7    362.28
   40.50    4023.5    367.51
   41.48    4026.7    372.73
   42.46    4029.9    377.96
   43.44    4033.1    383.19
   44.42    4036.2    388.41
   45.35    4045.3    393.44
   46.28    4054.3    398.46
   47.21    4063.3    403.49
   48.13    4072.3    408.51
   48.77    4080.8    412.01
   49.36    4089.4    415.25
   50.03    4100.0    419.00
   50.91    4116.7    424.03
   51.80    4133.5    429.07
   52.69    4150.2    434.10
   53.39    4166.8    438.23
   54.09    4183.4    442.35
   54.80    4200.0    446.48
   55.19    4210.4    448.86
   55.58    4220.8    451.17
   56.26    4240.7    455.37
   56.95    4260.5    459.57
   57.56    4280.3    463.44
   58.18    4300.0    467.32
   58.69    4317.9    470.65
   59.21    4335.9    473.97
   60.17    4371.6    480.28
   60.36    4378.9    481.54
   60.89    4400.0    485.11
   61.83    4439.7    491.64
   61.95    4444.7    492.44
   62.84    4484.7    498.75
   63.17    4500.0    501.10
   63.67    4524.3    504.79
   64.07    4544.0    507.72
   64.45    4563.5    510.60
   65.15    4600.0    515.87
   65.19    4602.4    516.22
   65.54    4621.6    518.95
   65.88    4640.8    521.63
   66.54    4678.8    526.89
   66.89    4700.0    529.78
   67.16    4716.4    531.99
   67.75    4753.5    536.94
   68.07    4774.0    539.64
   68.38    4794.4    542.30
   68.46    4800.0    543.04
   68.96    4834.5    547.49
   69.23    4853.4    549.90
   69.49    4872.3    552.30
   69.87    4900.0    555.79
   70.00    4909.6    557.00
   70.27    4930.1    559.56
   70.54    4950.6    562.09
   71.05    4991.1    567.08
   71.16    5000.0    568.17
   71.51    5028.8    571.67
   71.95    5066.1    576.17
   72.25    5091.5    579.22
   72.34    5100.0    580.23
   72.39    5104.1    580.72
   72.46    5110.3    581.47
   72.49    5113.5    581.84
   72.51    5115.0    582.02
   72.53    5116.6    582.21
   72.86    5146.9    585.80
   73.18    5176.9    589.35
   73.43    5200.0    592.06
   73.63    5220.2    594.43
   73.84    5240.3    596.77
   74.14    5270.3    600.26
   74.43    5300.0    603.70
   74.66    5324.1    606.48
   74.77    5336.1    607.87
   74.88    5348.1    609.24
   75.00    5361.1    610.74
   75.12    5374.1    612.24
   75.24    5387.1    613.72
   75.35    5400.0    615.20
   75.44    5409.5    616.28
   75.48    5414.2    616.82
   75.52    5418.9    617.36
   75.56    5423.6    617.90
   75.60    5428.3    618.43
   75.64    5433.0    618.97
   75.66    5435.3    619.24
   75.67    5436.5    619.37
   75.68    5437.6    619.50
   75.77    5447.9    620.67
   75.83    5454.7    621.45
   76.02    5477.4    624.04
   76.21    5500.0    626.60
   76.29    5509.5    627.68
   76.37    5519.0    628.76
   76.52    5537.9    630.90
   76.57    5544.0    631.59
   76.62    5550.0    632.28
   76.72    5562.1    633.65
   76.87    5581.1    635.80
   77.01    5600.0    637.94
   77.19    5623.1    640.54
   77.39    5650.0    643.60
   77.55    5672.2    646.12
   77.63    5683.3    647.37
   77.71    5694.2    648.61
   77.73    5697.6    649.00
   77.76    5701.0    649.38
   77.87    5718.5    651.42
   77.98    5736.0    653.46
   78.01    5740.7    654.00
   78.04    5745.3    654.54
   78.13    5758.2    656.04
   78.17    5764.6    656.79
   78.21    5771.0    657.54
   78.31    5787.7    659.49
   78.41    5804.2    661.42
   78.46    5812.3    662.38
   78.51    5820.4    663.33
   78.51    5821.0    663.40
   78.59    5834.8    665.03
   78.67    5848.3    666.64
   78.71    5855.1    667.44
   78.75    5861.7    668.24
   78.80    5871.0    669.34
   78.91    5891.1    671.76
   79.00    5906.2    673.58
   79.08    5921.0    675.38
   79.11    5926.9    676.09
   79.14    5932.7    676.80
   79.15    5935.6    677.15
   79.25    5953.5    679.35
   79.29    5962.3    680.43
   79.34    5971.0    681.51
   79.40    5984.5    683.21
   79.48    6001.4    685.35
   79.55    6016.0    687.20
   79.66    6037.7    689.95
   79.76    6059.2    692.68
   79.76    6060.1    692.80
   79.76    6061.0    692.91
   79.85    6080.5    695.40
   79.91    6093.3    697.03
   79.97    6106.0    698.66
   79.99    6111.6    699.38
   80.02    6117.1    700.09
   80.07    6128.2    701.51
   80.08    6130.6    701.83
   80.09    6133.1    702.15
   80.13    6142.1    703.30
   80.15    6146.5    703.88
   80.16    6148.8    704.16
   80.17    6151.0    704.45
   80.24    6168.5    706.83
   80.31    6186.0    709.21
   80.38    6203.5    711.58
   80.45    6221.0    713.96
   80.51    6238.5    716.32
   80.55    6247.2    717.50
   80.58    6256.0    718.69
   80.61    6263.3    719.67
   80.61    6264.0    719.77
   80.67    6277.5    721.59
   80.72    6291.0    723.40
   80.76    6301.0    724.75
   80.80    6311.0    726.09
   80.81    6316.0    726.76
   80.83    6321.0    727.43
   80.85    6326.0    728.10
   80.87    6331.0    728.77
   80.89    6334.9    729.30
   80.90    6338.8    729.82
   80.92    6342.7    730.34
   80.92    6344.6    730.60
   80.93    6346.6    730.86
   80.93    6346.9    730.91
   80.95    6351.4    731.62
   80.95    6353.7    731.97
   80.96    6354.9    732.15
   80.96    6356.0    732.32
   80.98    6363.5    733.67
   80.99    6367.3    734.34
   81.00    6369.1    734.68
   81.00    6370.1    734.85
   81.00    6371.0    735.02
