    0.00    6371.0      0.00
    0.00    6370.1      0.18
    0.01    6369.1      0.36
    0.02    6367.3      0.71
    0.03    6363.5      1.43
    0.06    6356.0      2.85
    0.07    6354.9      3.05
    0.07    6353.7      3.24
    0.09    6351.4      3.63
    0.11    6346.9      4.40
    0.11    6346.6      4.45
    0.12    6344.6      4.74
    0.14    6342.7      5.04
    0.16    6338.8      5.64
    0.19    6334.9      6.24
    0.22    6331.0      6.84
    0.25    6326.0      7.60
    0.28    6321.0      8.37
    0.32    6316.0      9.14
    0.35    6311.0      9.90
    0.42    6301.0     11.44
    0.48    6291.0     12.98
    0.57    6277.5     15.06
    0.67    6264.0     17.15
    0.67    6263.3     17.26
    0.72    6256.0     18.39
    0.78    6247.2     19.74
    0.84    6238.5     21.10
    0.96    6221.0     23.81
    1.08    6203.5     26.54
    1.20    6186.0     29.26
    1.32    6168.5     32.00
    1.45    6151.0     34.74
    1.46    6148.8     35.08
    1.48    6146.5     35.42
    1.52    6142.1     36.10
    1.59    6133.1     37.47
    1.61    6130.6     37.85
    1.63    6128.2     38.23
    1.72    6117.1     39.92
    1.76    6111.6     40.77
    1.81    6106.0     41.63
    1.91    6093.3     43.58
    2.02    6080.5     45.54
    2.18    6061.0     48.54
    2.19    6060.1     48.68
    2.20    6059.2     48.82
    2.38    6037.7     52.13
    2.57    6016.0     55.47
    2.70    6001.4     57.73
    2.85    5984.5     60.35
    2.98    5971.0     62.45
    3.06    5962.3     63.80
    3.15    5953.5     65.17
    3.33    5935.6     67.97
    3.36    5932.7     68.41
    3.42    5926.9     69.33
    3.48    5921.0     70.25
    3.64    5906.2     72.58
    3.80    5891.1     74.96
    4.03    5871.0     78.17
    4.13    5861.7     79.66
    4.21    5855.1     80.73
    4.29    5848.3     81.82
    4.46    5834.8     84.02
    4.63    5821.0     86.27
    4.64    5820.4     86.37
    4.74    5812.3     87.70
    4.84    5804.2     89.04
    5.06    5787.7     91.79
    5.29    5771.0     94.62
    5.38    5764.6     95.71
    5.47    5758.2     96.81
    5.66    5745.3     99.02
    5.72    5740.7     99.82
    5.79    5736.0    100.63
    6.05    5718.5    103.67
    6.31    5701.0    106.76
    6.38    5697.6    107.41
    6.44    5694.2    108.06
    6.64    5683.3    110.19
    6.85    5672.2    112.37
    7.29    5650.0    116.86
    7.86    5623.1    122.52
    8.38    5600.0    127.59
    8.83    5581.1    131.91
    9.30    5562.1    136.40
    9.62    5550.0    139.34
    9.78    5544.0    140.85
    9.95    5537.9    142.38
   10.48    5519.0    147.27
   10.76    5509.5    149.81
   11.05    5500.0    152.43
   11.77    5477.4    158.92
   12.58    5454.7    165.97
   12.83    5447.9    168.20
   13.23    5437.6    171.70
   13.28    5436.5    172.11
   13.33    5435.3    172.52
   13.43    5433.0    173.35
   13.62    5428.3    175.05
   13.83    5423.6    176.79
   14.03    5418.9    178.57
   14.25    5414.2    180.41
   14.47    5409.5    182.31
   14.95    5400.0    186.31
   15.66    5387.1    192.29
   16.48    5374.1    199.12
   17.48    5361.1    207.33
   18.16    5354.6    212.88
   18.83    5348.1    218.43
   19.72    5344.7    225.64
   20.61    5341.3    232.84
   21.50    5337.9    240.04
   22.39    5341.3    247.25
   23.28    5344.7    254.45
   24.17    5348.1    261.66
   24.84    5354.6    267.21
   25.52    5361.1    272.76
   26.52    5374.1    280.97
   27.34    5387.1    287.80
   28.05    5400.0    293.78
   28.53    5409.5    297.78
   28.75    5414.2    299.68
   28.97    5418.9    301.52
   29.17    5423.6    303.30
   29.38    5428.3    305.04
   29.57    5433.0    306.74
   29.67    5435.3    307.57
   29.72    5436.5    307.98
   29.77    5437.6    308.39
   30.17    5447.9    311.89
   30.42    5454.7    314.12
   31.23    5477.4    321.17
   31.95    5500.0    327.66
   32.24    5509.5    330.28
   32.52    5519.0    332.82
   33.05    5537.9    337.71
   33.22    5544.0    339.24
   33.38    5550.0    340.74
   33.70    5562.1    343.69
   34.17    5581.1    348.18
   34.62    5600.0    352.49
   35.14    5623.1    357.56
   35.71    5650.0    363.23
   36.15    5672.2    367.72
   36.36    5683.3    369.90
   36.56    5694.2    372.03
   36.62    5697.6    372.68
   36.69    5701.0    373.33
   36.95    5718.5    376.42
   37.21    5736.0    379.46
   37.28    5740.7    380.27
   37.34    5745.3    381.07
   37.53    5758.2    383.28
   37.62    5764.6    384.38
   37.71    5771.0    385.47
   37.94    5787.7    388.30
   38.16    5804.2    391.05
   38.26    5812.3    392.39
   38.36    5820.4    393.72
   38.37    5821.0    393.82
   38.54    5834.8    396.07
   38.71    5848.3    398.27
   38.79    5855.1    399.36
   38.87    5861.7    400.43
   38.97    5871.0    401.92
   39.20    5891.1    405.12
   39.36    5906.2    407.51
   39.52    5921.0    409.84
   39.58    5926.9    410.76
   39.64    5932.7    411.67
   39.67    5935.6    412.12
   39.85    5953.5    414.92
   39.94    5962.3    416.29
   40.02    5971.0    417.64
   40.15    5984.5    419.73
   40.30    6001.4    422.36
   40.43    6016.0    424.62
   40.62    6037.7    427.96
   40.80    6059.2    431.27
   40.81    6060.1    431.41
   40.82    6061.0    431.55
   40.98    6080.5    434.54
   41.09    6093.3    436.51
   41.19    6106.0    438.46
   41.24    6111.6    439.32
   41.28    6117.1    440.17
   41.37    6128.2    441.86
   41.39    6130.6    442.24
   41.41    6133.1    442.62
   41.48    6142.1    443.99
   41.52    6146.5    444.67
   41.54    6148.8    445.01
   41.55    6151.0    445.35
   41.68    6168.5    448.09
   41.80    6186.0    450.83
   41.92    6203.5    453.55
   42.04    6221.0    456.28
   42.16    6238.5    458.99
   42.22    6247.2    460.35
   42.28    6256.0    461.70
   42.33    6263.3    462.83
   42.33    6264.0    462.94
   42.43    6277.5    465.03
   42.52    6291.0    467.11
   42.58    6301.0    468.65
   42.65    6311.0    470.18
   42.68    6316.0    470.95
   42.72    6321.0    471.72
   42.75    6326.0    472.49
   42.78    6331.0    473.25
   42.81    6334.9    473.85
   42.84    6338.8    474.45
   42.86    6342.7    475.05
   42.88    6344.6    475.34
   42.89    6346.6    475.64
   42.89    6346.9    475.69
   42.91    6351.4    476.46
   42.93    6353.7    476.85
   42.93    6354.9    477.04
   42.94    6356.0    477.24
   42.97    6363.5    478.66
   42.98    6367.3    479.38
   42.99    6369.1    479.73
   43.00    6370.1    479.91
   43.00    6371.0    480.09
