    0.00    6371.0      0.00
    0.00    6370.1      0.17
    0.00    6369.1      0.34
    0.01    6367.3      0.67
    0.02    6363.5      1.34
    0.04    6356.0      2.69
    0.04    6354.9      2.86
    0.04    6353.7      3.04
    0.05    6351.4      3.39
    0.07    6346.9      4.10
    0.07    6346.6      4.14
    0.07    6344.6      4.40
    0.08    6342.7      4.66
    0.09    6338.8      5.18
    0.11    6334.9      5.70
    0.12    6331.0      6.22
    0.14    6326.0      6.89
    0.16    6321.0      7.56
    0.18    6316.0      8.22
    0.20    6311.0      8.89
    0.24    6301.0     10.23
    0.27    6291.0     11.56
    0.32    6277.5     13.37
    0.37    6264.0     15.18
    0.38    6263.3     15.28
    0.40    6256.0     16.26
    0.44    6247.2     17.43
    0.47    6238.5     18.61
    0.54    6221.0     20.96
    0.60    6203.5     23.32
    0.67    6186.0     25.68
    0.74    6168.5     28.05
    0.80    6151.0     30.42
    0.81    6148.8     30.71
    0.82    6146.5     30.99
    0.84    6142.1     31.56
    0.88    6133.1     32.71
    0.89    6130.6     33.03
    0.90    6128.2     33.34
    0.95    6117.1     34.75
    0.97    6111.6     35.46
    1.00    6106.0     36.17
    1.05    6093.3     37.79
    1.11    6080.5     39.42
    1.19    6061.0     41.88
    1.20    6060.1     42.00
    1.20    6059.2     42.11
    1.30    6037.7     44.83
    1.40    6016.0     47.56
    1.46    6001.4     49.39
    1.54    5984.5     51.52
    1.61    5971.0     53.21
    1.65    5962.3     54.28
    1.69    5953.5     55.35
    1.78    5935.6     57.53
    1.80    5932.7     57.87
    1.83    5926.9     58.58
    1.86    5921.0     59.29
    1.93    5906.2     61.07
    2.01    5891.1     62.87
    2.12    5871.0     65.27
    2.17    5861.7     66.37
    2.21    5855.1     67.15
    2.24    5848.3     67.95
    2.32    5834.8     69.54
    2.40    5821.0     71.15
    2.40    5820.4     71.22
    2.45    5812.3     72.16
    2.50    5804.2     73.11
    2.59    5787.7     75.02
    2.69    5771.0     76.96
    2.73    5764.6     77.69
    2.77    5758.2     78.43
    2.85    5745.3     79.91
    2.88    5740.7     80.45
    2.91    5736.0     80.99
    3.02    5718.5     83.00
    3.13    5701.0     85.02
    3.15    5697.6     85.40
    3.17    5694.2     85.78
    3.25    5683.3     87.00
    3.32    5672.2     88.23
    3.48    5650.0     90.72
    3.67    5623.1     93.73
    3.84    5600.0     96.29
    3.98    5581.1     98.40
    4.12    5562.1    100.51
    4.21    5550.0    101.86
    4.26    5544.0    102.53
    4.31    5537.9    103.21
    4.45    5519.0    105.32
    4.53    5509.5    106.38
    4.60    5500.0    107.44
    4.78    5477.4    109.96
    4.96    5454.7    112.50
    5.02    5447.9    113.26
    5.10    5437.6    114.41
    5.11    5436.5    114.54
    5.12    5435.3    114.67
    5.14    5433.0    114.93
    5.18    5428.3    115.46
    5.22    5423.6    115.99
    5.26    5418.9    116.51
    5.30    5414.2    117.04
    5.34    5409.5    117.57
    5.42    5400.0    118.63
    5.53    5387.1    120.08
    5.64    5374.1    121.54
    5.76    5361.1    123.00
    5.87    5348.1    124.47
    5.98    5336.1    125.82
    6.08    5324.1    127.17
    6.30    5300.0    129.89
    6.58    5270.3    133.26
    6.86    5240.3    136.66
    7.05    5220.2    138.96
    7.25    5200.0    141.27
    7.48    5176.9    143.91
    7.79    5146.9    147.37
    8.10    5116.6    150.87
    8.12    5115.0    151.05
    8.13    5113.5    151.23
    8.17    5110.3    151.59
    8.23    5104.1    152.31
    8.28    5100.0    152.79
    8.37    5091.5    153.77
    8.64    5066.1    156.74
    9.06    5028.8    161.10
    9.39    5000.0    164.50
    9.49    4991.1    165.55
    9.97    4950.6    170.38
   10.22    4930.1    172.83
   10.48    4909.6    175.30
   10.60    4900.0    176.46
   10.95    4872.3    179.83
   11.20    4853.4    182.13
   11.45    4834.5    184.45
   11.92    4800.0    188.73
   12.00    4794.4    189.43
   12.28    4774.0    191.98
   12.58    4753.5    194.56
   13.12    4716.4    199.28
   13.37    4700.0    201.39
   13.70    4678.8    204.14
   14.30    4640.8    209.12
   14.62    4621.6    211.66
   14.94    4602.4    214.24
   14.98    4600.0    214.56
   15.61    4563.5    219.52
   15.96    4544.0    222.22
   16.32    4524.3    224.96
   16.78    4500.0    228.40
   17.07    4484.7    230.58
   17.87    4444.7    236.41
   17.98    4439.7    237.15
   18.82    4400.0    243.12
   19.29    4378.9    246.37
   19.45    4371.6    247.52
   20.29    4335.9    253.19
   21.18    4300.0    259.10
   21.70    4280.3    262.48
   22.23    4260.5    265.87
   22.79    4240.7    269.46
   23.36    4220.8    273.04
   23.67    4210.4    274.99
   24.00    4200.0    276.96
   24.82    4175.1    281.95
   25.64    4150.2    286.93
   26.60    4125.1    292.51
   27.55    4100.0    298.09
   27.99    4089.4    300.63
   28.37    4080.8    302.75
   28.75    4072.3    304.93
   29.64    4054.3    309.90
   30.53    4036.2    314.87
   31.04    4027.2    317.68
   31.56    4018.2    320.50
   32.14    4009.1    323.65
   32.72    4000.0    326.80
   33.50    3990.8    330.91
   34.27    3981.6    335.02
   35.04    3972.4    339.14
   35.82    3963.2    343.25
   36.76    3958.8    348.16
   37.71    3954.5    353.08
   38.66    3950.1    358.00
   39.61    3945.7    362.91
   40.55    3941.4    367.83
   41.50    3937.0    372.74
   42.45    3941.4    377.66
   43.39    3945.7    382.58
   44.34    3950.1    387.49
   45.29    3954.5    392.41
   46.24    3958.8    397.33
   47.18    3963.2    402.24
   47.96    3972.4    406.35
   48.73    3981.6    410.46
   49.50    3990.8    414.58
   50.28    4000.0    418.69
   50.86    4009.1    421.84
   51.44    4018.2    424.99
   51.96    4027.2    427.80
   52.47    4036.2    430.62
   53.36    4054.3    435.59
   54.25    4072.3    440.56
   54.63    4080.8    442.74
   55.01    4089.4    444.86
   55.45    4100.0    447.40
   56.40    4125.1    452.98
   57.36    4150.2    458.56
   58.18    4175.1    463.54
   59.00    4200.0    468.52
   59.33    4210.4    470.50
   59.64    4220.8    472.45
   60.21    4240.7    476.03
   60.77    4260.5    479.62
   61.30    4280.3    483.01
   61.82    4300.0    486.39
   62.71    4335.9    492.30
   63.55    4371.6    497.97
   63.71    4378.9    499.12
   64.18    4400.0    502.37
   65.02    4439.7    508.34
   65.13    4444.7    509.08
   65.93    4484.7    514.91
   66.22    4500.0    517.09
   66.68    4524.3    520.53
   67.04    4544.0    523.27
   67.39    4563.5    525.97
   68.02    4600.0    530.93
   68.06    4602.4    531.25
   68.38    4621.6    533.82
   68.70    4640.8    536.36
   69.30    4678.8    541.35
   69.63    4700.0    544.10
   69.88    4716.4    546.20
   70.42    4753.5    550.93
   70.72    4774.0    553.51
   71.00    4794.4    556.06
   71.08    4800.0    556.76
   71.55    4834.5    561.03
   71.80    4853.4    563.36
   72.05    4872.3    565.66
   72.40    4900.0    569.03
   72.52    4909.6    570.19
   72.78    4930.1    572.66
   73.03    4950.6    575.11
   73.51    4991.1    579.94
   73.61    5000.0    580.99
   73.94    5028.8    584.39
   74.36    5066.1    588.75
   74.63    5091.5    591.72
   74.72    5100.0    592.70
   74.77    5104.1    593.18
   74.83    5110.3    593.90
   74.87    5113.5    594.26
   74.88    5115.0    594.44
   74.90    5116.6    594.62
   75.21    5146.9    598.12
   75.52    5176.9    601.58
   75.75    5200.0    604.22
   75.95    5220.2    606.53
   76.14    5240.3    608.83
   76.42    5270.3    612.23
   76.70    5300.0    615.60
   76.92    5324.1    618.32
   77.02    5336.1    619.67
   77.13    5348.1    621.02
   77.24    5361.1    622.49
   77.36    5374.1    623.95
   77.47    5387.1    625.41
   77.58    5400.0    626.86
   77.66    5409.5    627.92
   77.70    5414.2    628.45
   77.74    5418.9    628.98
   77.78    5423.6    629.50
   77.82    5428.3    630.03
   77.86    5433.0    630.55
   77.88    5435.3    630.82
   77.89    5436.5    630.95
   77.90    5437.6    631.08
   77.98    5447.9    632.23
   78.04    5454.7    632.99
   78.22    5477.4    635.53
   78.40    5500.0    638.05
   78.47    5509.5    639.11
   78.55    5519.0    640.17
   78.69    5537.9    642.28
   78.74    5544.0    642.95
   78.79    5550.0    643.63
   78.88    5562.1    644.98
   79.02    5581.1    647.09
   79.16    5600.0    649.19
   79.33    5623.1    651.76
   79.52    5650.0    654.77
   79.68    5672.2    657.25
   79.75    5683.3    658.49
   79.83    5694.2    659.71
   79.85    5697.6    660.09
   79.87    5701.0    660.47
   79.98    5718.5    662.49
   80.09    5736.0    664.50
   80.12    5740.7    665.04
   80.15    5745.3    665.57
   80.23    5758.2    667.06
   80.27    5764.6    667.80
   80.31    5771.0    668.53
   80.41    5787.7    670.47
   80.50    5804.2    672.38
   80.55    5812.3    673.32
   80.60    5820.4    674.26
   80.60    5821.0    674.34
   80.68    5834.8    675.95
   80.76    5848.3    677.54
   80.79    5855.1    678.33
   80.83    5861.7    679.12
   80.88    5871.0    680.22
   80.99    5891.1    682.62
   81.07    5906.2    684.42
   81.14    5921.0    686.20
   81.17    5926.9    686.91
   81.20    5932.7    687.61
   81.22    5935.6    687.96
   81.31    5953.5    690.14
   81.35    5962.3    691.21
   81.39    5971.0    692.28
   81.46    5984.5    693.97
   81.54    6001.4    696.10
   81.60    6016.0    697.93
   81.70    6037.7    700.66
   81.80    6059.2    703.37
   81.80    6060.1    703.49
   81.81    6061.0    703.61
   81.89    6080.5    706.07
   81.95    6093.3    707.70
   82.00    6106.0    709.32
   82.03    6111.6    710.03
   82.05    6117.1    710.74
   82.10    6128.2    712.15
   82.11    6130.6    712.46
   82.12    6133.1    712.78
   82.16    6142.1    713.93
   82.18    6146.5    714.50
   82.19    6148.8    714.78
   82.20    6151.0    715.07
   82.26    6168.5    717.44
   82.33    6186.0    719.81
   82.40    6203.5    722.16
   82.46    6221.0    724.53
   82.53    6238.5    726.88
   82.56    6247.2    728.05
   82.60    6256.0    729.23
   82.62    6263.3    730.21
   82.63    6264.0    730.31
   82.68    6277.5    732.12
   82.73    6291.0    733.92
   82.76    6301.0    735.26
   82.80    6311.0    736.60
   82.82    6316.0    737.26
   82.84    6321.0    737.93
   82.86    6326.0    738.60
   82.88    6331.0    739.27
   82.89    6334.9    739.79
   82.91    6338.8    740.31
   82.92    6342.7    740.83
   82.93    6344.6    741.09
   82.93    6346.6    741.35
   82.93    6346.9    741.39
   82.95    6351.4    742.10
   82.96    6353.7    742.45
   82.96    6354.9    742.63
   82.96    6356.0    742.80
   82.98    6363.5    744.15
   82.99    6367.3    744.82
   83.00    6369.1    745.15
   83.00    6370.1    745.32
   83.00    6371.0    745.49
