    0.00    6371.0      0.00
    0.00    6370.1      0.17
    0.00    6369.1      0.34
    0.01    6367.3      0.67
    0.02    6363.5      1.34
    0.04    6356.0      2.68
    0.04    6354.9      2.86
    0.04    6353.7      3.04
    0.05    6351.4      3.39
    0.06    6346.9      4.09
    0.07    6346.6      4.14
    0.07    6344.6      4.40
    0.08    6342.7      4.66
    0.09    6338.8      5.17
    0.11    6334.9      5.69
    0.12    6331.0      6.21
    0.14    6326.0      6.88
    0.16    6321.0      7.54
    0.18    6316.0      8.21
    0.19    6311.0      8.87
    0.23    6301.0     10.21
    0.27    6291.0     11.54
    0.32    6277.5     13.34
    0.37    6264.0     15.15
    0.37    6263.3     15.25
    0.40    6256.0     16.22
    0.43    6247.2     17.40
    0.46    6238.5     18.57
    0.53    6221.0     20.92
    0.59    6203.5     23.27
    0.66    6186.0     25.62
    0.72    6168.5     27.99
    0.79    6151.0     30.35
    0.80    6148.8     30.63
    0.81    6146.5     30.92
    0.83    6142.1     31.49
    0.87    6133.1     32.63
    0.88    6130.6     32.95
    0.89    6128.2     33.26
    0.93    6117.1     34.67
    0.96    6111.6     35.37
    0.98    6106.0     36.08
    1.03    6093.3     37.70
    1.09    6080.5     39.32
    1.17    6061.0     41.78
    1.18    6060.1     41.89
    1.18    6059.2     42.01
    1.28    6037.7     44.71
    1.37    6016.0     47.44
    1.44    6001.4     49.26
    1.52    5984.5     51.38
    1.58    5971.0     53.06
    1.62    5962.3     54.13
    1.66    5953.5     55.20
    1.75    5935.6     57.37
    1.76    5932.7     57.71
    1.79    5926.9     58.41
    1.82    5921.0     59.12
    1.90    5906.2     60.89
    1.98    5891.1     62.69
    2.08    5871.0     65.07
    2.13    5861.7     66.17
    2.17    5855.1     66.95
    2.20    5848.3     67.74
    2.28    5834.8     69.33
    2.36    5821.0     70.93
    2.36    5820.4     71.00
    2.40    5812.3     71.94
    2.45    5804.2     72.88
    2.55    5787.7     74.78
    2.64    5771.0     76.70
    2.68    5764.6     77.44
    2.72    5758.2     78.17
    2.80    5745.3     79.64
    2.83    5740.7     80.18
    2.85    5736.0     80.71
    2.96    5718.5     82.71
    3.07    5701.0     84.72
    3.09    5697.6     85.10
    3.11    5694.2     85.47
    3.19    5683.3     86.69
    3.26    5672.2     87.92
    3.41    5650.0     90.38
    3.60    5623.1     93.37
    3.76    5600.0     95.92
    3.90    5581.1     98.00
    4.04    5562.1    100.10
    4.13    5550.0    101.44
    4.18    5544.0    102.11
    4.22    5537.9    102.78
    4.36    5519.0    104.87
    4.44    5509.5    105.92
    4.51    5500.0    106.97
    4.69    5477.4    109.47
    4.87    5454.7    111.99
    4.92    5447.9    112.74
    5.00    5437.6    113.88
    5.01    5436.5    114.01
    5.02    5435.3    114.14
    5.04    5433.0    114.40
    5.08    5428.3    114.92
    5.12    5423.6    115.44
    5.15    5418.9    115.97
    5.19    5414.2    116.49
    5.23    5409.5    117.01
    5.31    5400.0    118.06
    5.42    5387.1    119.50
    5.53    5374.1    120.94
    5.64    5361.1    122.39
    5.75    5348.1    123.85
    5.85    5336.1    125.18
    5.96    5324.1    126.52
    6.17    5300.0    129.22
    6.44    5270.3    132.55
    6.71    5240.3    135.91
    6.90    5220.2    138.18
    7.09    5200.0    140.46
    7.32    5176.9    143.08
    7.62    5146.9    146.49
    7.92    5116.6    149.95
    7.94    5115.0    150.13
    7.95    5113.5    150.30
    7.99    5110.3    150.66
    8.05    5104.1    151.37
    8.09    5100.0    151.84
    8.18    5091.5    152.82
    8.45    5066.1    155.74
    8.85    5028.8    160.04
    9.17    5000.0    163.39
    9.27    4991.1    164.43
    9.74    4950.6    169.18
    9.98    4930.1    171.59
   10.23    4909.6    174.02
   10.35    4900.0    175.16
   10.69    4872.3    178.47
   10.93    4853.4    180.74
   11.17    4834.5    183.02
   11.62    4800.0    187.21
   11.70    4794.4    187.90
   11.98    4774.0    190.40
   12.26    4753.5    192.93
   12.79    4716.4    197.55
   13.02    4700.0    199.61
   13.34    4678.8    202.30
   13.92    4640.8    207.17
   14.22    4621.6    209.64
   14.53    4602.4    212.15
   14.57    4600.0    212.47
   15.18    4563.5    217.29
   15.51    4544.0    219.91
   15.86    4524.3    222.57
   16.29    4500.0    225.90
   16.57    4484.7    228.01
   17.33    4444.7    233.65
   17.43    4439.7    234.36
   18.23    4400.0    240.11
   18.67    4378.9    243.22
   18.83    4371.6    244.32
   19.62    4335.9    249.75
   20.45    4300.0    255.37
   21.43    4260.5    261.79
   21.95    4240.7    265.16
   22.48    4220.8    268.53
   22.77    4210.4    270.34
   23.06    4200.0    272.19
   23.81    4175.1    276.79
   24.56    4150.2    281.39
   25.41    4125.1    286.44
   26.26    4100.0    291.49
   26.65    4089.4    293.75
   26.97    4080.8    295.62
   27.31    4072.3    297.53
   28.06    4054.3    301.79
   28.81    4036.2    306.05
   29.64    4018.2    310.69
   30.55    4000.0    315.68
   31.26    3987.7    319.53
   31.98    3975.4    323.38
   32.69    3963.2    327.23
   33.66    3950.8    332.31
   34.62    3938.5    337.39
   35.59    3926.1    342.47
   36.30    3919.6    346.15
   37.01    3913.1    349.83
   37.70    3908.7    353.37
   38.39    3904.4    356.90
   39.08    3900.0    360.44
   40.05    3897.7    365.40
   41.03    3895.5    370.35
   42.00    3893.2    375.30
   42.97    3895.5    380.26
   43.95    3897.7    385.21
   44.92    3900.0    390.17
   45.61    3904.4    393.71
   46.30    3908.7    397.24
   46.99    3913.1    400.78
   47.70    3919.6    404.46
   48.41    3926.1    408.14
   49.38    3938.5    413.22
   50.34    3950.8    418.30
   51.31    3963.2    423.38
   52.02    3975.4    427.23
   52.74    3987.7    431.08
   53.45    4000.0    434.93
   54.36    4018.2    439.92
   55.19    4036.2    444.56
   55.94    4054.3    448.82
   56.69    4072.3    453.08
   57.03    4080.8    454.99
   57.35    4089.4    456.86
   57.74    4100.0    459.12
   58.59    4125.1    464.17
   59.44    4150.2    469.22
   60.19    4175.1    473.82
   60.94    4200.0    478.42
   61.23    4210.4    480.27
   61.52    4220.8    482.08
   62.05    4240.7    485.45
   62.57    4260.5    488.82
   63.55    4300.0    495.24
   64.38    4335.9    500.86
   65.17    4371.6    506.29
   65.33    4378.9    507.39
   65.77    4400.0    510.50
   66.57    4439.7    516.25
   66.67    4444.7    516.96
   67.43    4484.7    522.60
   67.71    4500.0    524.71
   68.14    4524.3    528.04
   68.49    4544.0    530.70
   68.82    4563.5    533.32
   69.43    4600.0    538.14
   69.47    4602.4    538.46
   69.78    4621.6    540.97
   70.08    4640.8    543.44
   70.66    4678.8    548.31
   70.98    4700.0    551.00
   71.21    4716.4    553.06
   71.74    4753.5    557.68
   72.02    4774.0    560.21
   72.30    4794.4    562.71
   72.38    4800.0    563.40
   72.83    4834.5    567.59
   73.07    4853.4    569.87
   73.31    4872.3    572.14
   73.65    4900.0    575.45
   73.77    4909.6    576.59
   74.02    4930.1    579.02
   74.26    4950.6    581.43
   74.73    4991.1    586.18
   74.83    5000.0    587.22
   75.15    5028.8    590.57
   75.55    5066.1    594.87
   75.82    5091.5    597.79
   75.91    5100.0    598.77
   75.95    5104.1    599.24
   76.01    5110.3    599.95
   76.05    5113.5    600.31
   76.06    5115.0    600.48
   76.08    5116.6    600.66
   76.38    5146.9    604.12
   76.68    5176.9    607.53
   76.91    5200.0    610.15
   77.10    5220.2    612.43
   77.29    5240.3    614.70
   77.56    5270.3    618.06
   77.83    5300.0    621.39
   78.04    5324.1    624.09
   78.15    5336.1    625.43
   78.25    5348.1    626.76
   78.36    5361.1    628.22
   78.47    5374.1    629.67
   78.58    5387.1    631.11
   78.69    5400.0    632.55
   78.77    5409.5    633.60
   78.81    5414.2    634.12
   78.85    5418.9    634.64
   78.88    5423.6    635.17
   78.92    5428.3    635.69
   78.96    5433.0    636.21
   78.98    5435.3    636.47
   78.99    5436.5    636.60
   79.00    5437.6    636.73
   79.08    5447.9    637.87
   79.13    5454.7    638.62
   79.31    5477.4    641.14
   79.49    5500.0    643.64
   79.56    5509.5    644.69
   79.64    5519.0    645.74
   79.78    5537.9    647.83
   79.82    5544.0    648.50
   79.87    5550.0    649.17
   79.96    5562.1    650.51
   80.10    5581.1    652.61
   80.24    5600.0    654.69
   80.40    5623.1    657.24
   80.59    5650.0    660.23
   80.74    5672.2    662.69
   80.81    5683.3    663.92
   80.89    5694.2    665.14
   80.91    5697.6    665.51
   80.93    5701.0    665.89
   81.04    5718.5    667.90
   81.15    5736.0    669.90
   81.17    5740.7    670.43
   81.20    5745.3    670.97
   81.28    5758.2    672.44
   81.32    5764.6    673.17
   81.36    5771.0    673.91
   81.45    5787.7    675.83
   81.55    5804.2    677.73
   81.60    5812.3    678.67
   81.64    5820.4    679.61
   81.64    5821.0    679.68
   81.72    5834.8    681.28
   81.80    5848.3    682.87
   81.83    5855.1    683.66
   81.87    5861.7    684.44
   81.92    5871.0    685.54
   82.02    5891.1    687.92
   82.10    5906.2    689.72
   82.18    5921.0    691.49
   82.21    5926.9    692.20
   82.24    5932.7    692.90
   82.25    5935.6    693.24
   82.34    5953.5    695.41
   82.38    5962.3    696.48
   82.42    5971.0    697.55
   82.48    5984.5    699.23
   82.56    6001.4    701.35
   82.63    6016.0    703.17
   82.72    6037.7    705.90
   82.82    6059.2    708.60
   82.82    6060.1    708.72
   82.83    6061.0    708.83
   82.91    6080.5    711.29
   82.97    6093.3    712.91
   83.02    6106.0    714.53
   83.04    6111.6    715.24
   83.07    6117.1    715.94
   83.11    6128.2    717.35
   83.12    6130.6    717.66
   83.13    6133.1    717.98
   83.17    6142.1    719.12
   83.19    6146.5    719.69
   83.20    6148.8    719.98
   83.21    6151.0    720.26
   83.28    6168.5    722.62
   83.34    6186.0    724.99
   83.41    6203.5    727.34
   83.47    6221.0    729.69
   83.54    6238.5    732.04
   83.57    6247.2    733.21
   83.60    6256.0    734.39
   83.63    6263.3    735.36
   83.63    6264.0    735.46
   83.68    6277.5    737.27
   83.73    6291.0    739.07
   83.77    6301.0    740.40
   83.81    6311.0    741.74
   83.82    6316.0    742.40
   83.84    6321.0    743.07
   83.86    6326.0    743.73
   83.88    6331.0    744.40
   83.89    6334.9    744.92
   83.91    6338.8    745.44
   83.92    6342.7    745.95
   83.93    6344.6    746.21
   83.94    6346.6    746.47
   83.94    6346.9    746.52
   83.95    6351.4    747.22
   83.96    6353.7    747.57
   83.96    6354.9    747.75
   83.96    6356.0    747.93
   83.98    6363.5    749.27
   83.99    6367.3    749.94
   84.00    6369.1    750.27
   84.00    6370.1    750.44
   84.00    6371.0    750.61
