    0.00    6371.0      0.00
    0.00    6370.1      0.18
    0.01    6369.1      0.36
    0.02    6367.3      0.72
    0.03    6363.5      1.44
    0.07    6356.0      2.89
    0.07    6354.9      3.08
    0.08    6353.7      3.28
    0.09    6351.4      3.67
    0.12    6346.9      4.46
    0.12    6346.6      4.50
    0.13    6344.6      4.81
    0.15    6342.7      5.12
    0.17    6338.8      5.73
    0.20    6334.9      6.35
    0.23    6331.0      6.96
    0.27    6326.0      7.75
    0.30    6321.0      8.54
    0.34    6316.0      9.33
    0.38    6311.0     10.12
    0.45    6301.0     11.71
    0.52    6291.0     13.29
    0.62    6277.5     15.43
    0.72    6264.0     17.57
    0.72    6263.3     17.69
    0.78    6256.0     18.85
    0.84    6247.2     20.25
    0.91    6238.5     21.64
    1.04    6221.0     24.44
    1.17    6203.5     27.24
    1.30    6186.0     30.05
    1.43    6168.5     32.87
    1.56    6151.0     35.69
    1.58    6148.8     36.04
    1.60    6146.5     36.40
    1.64    6142.1     37.11
    1.72    6133.1     38.53
    1.74    6130.6     38.92
    1.76    6128.2     39.32
    1.86    6117.1     41.08
    1.91    6111.6     41.96
    1.95    6106.0     42.85
    2.07    6093.3     44.88
    2.19    6080.5     46.93
    2.36    6061.0     50.05
    2.37    6060.1     50.20
    2.38    6059.2     50.34
    2.58    6037.7     53.80
    2.79    6016.0     57.30
    2.93    6001.4     59.66
    3.10    5984.5     62.42
    3.24    5971.0     64.61
    3.33    5962.3     66.05
    3.43    5953.5     67.50
    3.63    5935.6     70.46
    3.66    5932.7     70.93
    3.73    5926.9     71.91
    3.80    5921.0     72.89
    3.97    5906.2     75.38
    4.16    5891.1     77.93
    4.41    5871.0     81.38
    4.54    5861.7     82.99
    4.62    5855.1     84.15
    4.72    5848.3     85.32
    4.90    5834.8     87.72
    5.10    5821.0     90.18
    5.11    5820.4     90.29
    5.23    5812.3     91.74
    5.35    5804.2     93.23
    5.60    5787.7     96.27
    5.87    5771.0     99.42
    5.98    5764.6    100.65
    6.08    5758.2    101.88
    6.30    5745.3    104.37
    6.38    5740.7    105.27
    6.46    5736.0    106.19
    6.77    5718.5    109.63
    7.08    5701.0    113.15
    7.16    5697.6    113.94
    7.24    5694.2    114.75
    7.51    5683.3    117.38
    7.78    5672.2    120.10
    8.38    5650.0    125.86
    9.17    5623.1    133.41
    9.94    5600.0    140.56
   10.65    5581.1    147.01
   11.44    5562.1    154.12
   11.99    5550.0    159.09
   12.29    5544.0    161.75
   12.61    5537.9    164.54
   13.17    5528.5    169.47
   13.74    5519.0    174.39
   14.42    5509.5    180.36
   15.27    5500.0    187.60
   16.07    5496.0    194.49
   16.88    5492.0    201.38
   17.69    5488.0    208.27
   18.50    5483.9    215.16
   19.31    5488.0    222.05
   20.12    5492.0    228.95
   20.93    5496.0    235.84
   21.73    5500.0    242.73
   22.58    5509.5    249.97
   23.26    5519.0    255.93
   23.83    5528.5    260.86
   24.39    5537.9    265.79
   24.71    5544.0    268.58
   25.01    5550.0    271.24
   25.56    5562.1    276.21
   26.35    5581.1    283.32
   27.06    5600.0    289.77
   27.83    5623.1    296.92
   28.63    5650.0    304.47
   29.22    5672.2    310.23
   29.49    5683.3    312.95
   29.76    5694.2    315.58
   29.84    5697.6    316.38
   29.92    5701.0    317.18
   30.23    5718.5    320.70
   30.54    5736.0    324.14
   30.62    5740.7    325.05
   30.70    5745.3    325.96
   30.92    5758.2    328.45
   31.02    5764.6    329.68
   31.13    5771.0    330.90
   31.40    5787.7    334.06
   31.65    5804.2    337.10
   31.77    5812.3    338.58
   31.89    5820.4    340.04
   31.90    5821.0    340.15
   32.10    5834.8    342.61
   32.29    5848.3    345.01
   32.38    5855.1    346.18
   32.47    5861.7    347.34
   32.59    5871.0    348.95
   32.84    5891.1    352.40
   33.03    5906.2    354.95
   33.20    5921.0    357.44
   33.27    5926.9    358.42
   33.34    5932.7    359.39
   33.37    5935.6    359.87
   33.57    5953.5    362.83
   33.67    5962.3    364.28
   33.76    5971.0    365.71
   33.90    5984.5    367.91
   34.07    6001.4    370.67
   34.21    6016.0    373.03
   34.42    6037.7    376.53
   34.62    6059.2    379.98
   34.63    6060.1    380.13
   34.64    6061.0    380.28
   34.82    6080.5    383.40
   34.93    6093.3    385.44
   35.05    6106.0    387.48
   35.09    6111.6    388.37
   35.14    6117.1    389.25
   35.24    6128.2    391.01
   35.26    6130.6    391.40
   35.28    6133.1    391.80
   35.36    6142.1    393.22
   35.40    6146.5    393.93
   35.42    6148.8    394.29
   35.44    6151.0    394.64
   35.57    6168.5    397.46
   35.70    6186.0    400.28
   35.83    6203.5    403.08
   35.96    6221.0    405.89
   36.09    6238.5    408.68
   36.16    6247.2    410.08
   36.22    6256.0    411.48
   36.28    6263.3    412.63
   36.28    6264.0    412.76
   36.38    6277.5    414.90
   36.48    6291.0    417.04
   36.55    6301.0    418.62
   36.63    6311.0    420.21
   36.66    6316.0    421.00
   36.70    6321.0    421.79
   36.73    6326.0    422.57
   36.77    6331.0    423.36
   36.80    6334.9    423.98
   36.83    6338.8    424.59
   36.85    6342.7    425.21
   36.87    6344.6    425.52
   36.88    6346.6    425.82
   36.88    6346.9    425.87
   36.91    6351.4    426.66
   36.92    6353.7    427.05
   36.93    6354.9    427.25
   36.93    6356.0    427.44
   36.97    6363.5    428.89
   36.98    6367.3    429.61
   36.99    6369.1    429.97
   37.00    6370.1    430.15
   37.00    6371.0    430.33
