    0.00    6371.0      0.00
    0.00    6370.1      0.17
    0.01    6369.1      0.34
    0.01    6367.3      0.68
    0.02    6363.5      1.35
    0.04    6356.0      2.70
    0.04    6354.9      2.88
    0.05    6353.7      3.06
    0.06    6351.4      3.41
    0.07    6346.9      4.13
    0.07    6346.6      4.17
    0.08    6344.6      4.43
    0.09    6342.7      4.70
    0.10    6338.8      5.22
    0.12    6334.9      5.75
    0.13    6331.0      6.28
    0.15    6326.0      6.95
    0.17    6321.0      7.63
    0.19    6316.0      8.31
    0.21    6311.0      8.98
    0.26    6301.0     10.34
    0.30    6291.0     11.69
    0.35    6277.5     13.52
    0.41    6264.0     15.35
    0.41    6263.3     15.46
    0.44    6256.0     16.44
    0.47    6247.2     17.64
    0.51    6238.5     18.83
    0.58    6221.0     21.21
    0.66    6203.5     23.60
    0.73    6186.0     26.00
    0.80    6168.5     28.40
    0.88    6151.0     30.80
    0.89    6148.8     31.09
    0.90    6146.5     31.38
    0.92    6142.1     31.96
    0.96    6133.1     33.12
    0.97    6130.6     33.44
    0.98    6128.2     33.76
    1.03    6117.1     35.20
    1.06    6111.6     35.92
    1.08    6106.0     36.64
    1.14    6093.3     38.29
    1.21    6080.5     39.94
    1.30    6061.0     42.45
    1.30    6060.1     42.57
    1.31    6059.2     42.68
    1.41    6037.7     45.45
    1.52    6016.0     48.23
    1.59    6001.4     50.09
    1.68    5984.5     52.26
    1.75    5971.0     53.98
    1.80    5962.3     55.07
    1.84    5953.5     56.17
    1.94    5935.6     58.39
    1.96    5932.7     58.74
    1.99    5926.9     59.46
    2.02    5921.0     60.19
    2.11    5906.2     62.01
    2.20    5891.1     63.85
    2.31    5871.0     66.31
    2.37    5861.7     67.43
    2.41    5855.1     68.24
    2.45    5848.3     69.05
    2.53    5834.8     70.69
    2.62    5821.0     72.34
    2.62    5820.4     72.41
    2.68    5812.3     73.38
    2.73    5804.2     74.35
    2.83    5787.7     76.32
    2.95    5771.0     78.31
    2.99    5764.6     79.07
    3.03    5758.2     79.83
    3.12    5745.3     81.35
    3.15    5740.7     81.91
    3.18    5736.0     82.46
    3.30    5718.5     84.53
    3.42    5701.0     86.61
    3.45    5697.6     87.01
    3.48    5694.2     87.40
    3.56    5683.3     88.67
    3.64    5672.2     89.95
    3.82    5650.0     92.53
    4.03    5623.1     95.66
    4.22    5600.0     98.33
    4.38    5581.1    100.52
    4.53    5562.1    102.73
    4.64    5550.0    104.14
    4.69    5544.0    104.84
    4.74    5537.9    105.55
    4.91    5519.0    107.75
    4.99    5509.5    108.86
    5.07    5500.0    109.97
    5.28    5477.4    112.61
    5.48    5454.7    115.28
    5.55    5447.9    116.07
    5.64    5437.6    117.28
    5.65    5436.5    117.42
    5.66    5435.3    117.56
    5.68    5433.0    117.83
    5.73    5428.3    118.38
    5.77    5423.6    118.94
    5.82    5418.9    119.49
    5.86    5414.2    120.05
    5.91    5409.5    120.60
    6.00    5400.0    121.72
    6.12    5387.1    123.24
    6.25    5374.1    124.78
    6.38    5361.1    126.32
    6.51    5348.1    127.87
    6.63    5336.1    129.30
    6.75    5324.1    130.73
    7.00    5300.0    133.61
    7.31    5270.3    137.18
    7.63    5240.3    140.80
    7.85    5220.2    143.24
    8.08    5200.0    145.70
    8.34    5176.9    148.53
    8.69    5146.9    152.23
    9.06    5116.6    155.99
    9.08    5115.0    156.18
    9.10    5113.5    156.37
    9.13    5110.3    156.76
    9.21    5104.1    157.54
    9.26    5100.0    158.05
    9.37    5091.5    159.11
    9.69    5066.1    162.31
   10.17    5028.8    167.03
   10.55    5000.0    170.73
   10.67    4991.1    171.87
   11.24    4950.6    177.14
   11.53    4930.1    179.83
   11.83    4909.6    182.55
   11.97    4900.0    183.82
   12.39    4872.3    187.55
   12.69    4853.4    190.10
   12.99    4834.5    192.69
   13.55    4800.0    197.46
   13.64    4794.4    198.25
   13.99    4774.0    201.12
   14.35    4753.5    204.03
   15.01    4716.4    209.40
   15.32    4700.0    211.81
   15.72    4678.8    214.97
   16.47    4640.8    220.74
   16.87    4621.6    223.71
   17.27    4602.4    226.74
   17.32    4600.0    227.12
   18.13    4563.5    233.02
   18.58    4544.0    236.26
   19.05    4524.3    239.58
   19.65    4500.0    243.80
   20.04    4484.7    246.50
   20.59    4464.7    250.17
   21.13    4444.7    253.84
   21.27    4439.7    254.79
   21.86    4419.8    258.67
   22.44    4400.0    262.55
   23.11    4378.9    266.89
   23.36    4371.6    268.45
   23.98    4353.7    272.39
   24.60    4335.9    276.33
   25.30    4317.9    280.65
   26.00    4300.0    284.98
   26.89    4280.3    290.32
   27.77    4260.5    295.67
   28.50    4247.3    299.93
   29.22    4234.0    304.18
   29.95    4220.8    308.44
   30.62    4210.4    312.31
   31.35    4200.0    316.52
   32.27    4192.9    321.67
   33.18    4185.8    326.81
   34.10    4178.7    331.95
   35.02    4171.6    337.09
   35.93    4164.4    342.24
   36.85    4157.3    347.38
   37.76    4150.2    352.52
   38.38    4149.6    355.95
   39.00    4148.9    359.37
   39.62    4149.6    362.79
   40.24    4150.2    366.22
   41.15    4157.3    371.36
   42.07    4164.4    376.50
   42.99    4171.6    381.65
   43.90    4178.7    386.79
   44.82    4185.8    391.93
   45.73    4192.9    397.07
   46.65    4200.0    402.22
   47.38    4210.4    406.43
   48.05    4220.8    410.30
   48.78    4234.0    414.55
   49.50    4247.3    418.81
   50.23    4260.5    423.07
   51.11    4280.3    428.42
   52.00    4300.0    433.76
   52.70    4317.9    438.08
   53.40    4335.9    442.41
   54.02    4353.7    446.35
   54.64    4371.6    450.29
   54.89    4378.9    451.85
   55.56    4400.0    456.19
   56.14    4419.8    460.07
   56.73    4439.7    463.95
   56.87    4444.7    464.90
   57.42    4464.7    468.57
   57.96    4484.7    472.24
   58.35    4500.0    474.94
   58.95    4524.3    479.16
   59.42    4544.0    482.48
   59.87    4563.5    485.72
   60.68    4600.0    491.62
   60.73    4602.4    492.00
   61.13    4621.6    495.03
   61.53    4640.8    498.00
   62.28    4678.8    503.77
   62.68    4700.0    506.93
   62.99    4716.4    509.34
   63.65    4753.5    514.71
   64.01    4774.0    517.62
   64.36    4794.4    520.49
   64.45    4800.0    521.28
   65.01    4834.5    526.05
   65.31    4853.4    528.64
   65.61    4872.3    531.19
   66.03    4900.0    534.92
   66.17    4909.6    536.19
   66.47    4930.1    538.91
   66.76    4950.6    541.60
   67.33    4991.1    546.87
   67.45    5000.0    548.01
   67.83    5028.8    551.71
   68.31    5066.1    556.43
   68.63    5091.5    559.63
   68.74    5100.0    560.69
   68.79    5104.1    561.20
   68.87    5110.3    561.98
   68.90    5113.5    562.37
   68.92    5115.0    562.56
   68.94    5116.6    562.75
   69.31    5146.9    566.51
   69.66    5176.9    570.21
   69.92    5200.0    573.04
   70.15    5220.2    575.50
   70.37    5240.3    577.94
   70.69    5270.3    581.56
   71.00    5300.0    585.13
   71.25    5324.1    588.01
   71.37    5336.1    589.44
   71.49    5348.1    590.86
   71.62    5361.1    592.42
   71.75    5374.1    593.96
   71.88    5387.1    595.50
   72.00    5400.0    597.02
   72.09    5409.5    598.14
   72.14    5414.2    598.69
   72.18    5418.9    599.25
   72.23    5423.6    599.80
   72.27    5428.3    600.36
   72.32    5433.0    600.91
   72.34    5435.3    601.18
   72.35    5436.5    601.32
   72.36    5437.6    601.46
   72.45    5447.9    602.67
   72.52    5454.7    603.46
   72.72    5477.4    606.13
   72.93    5500.0    608.77
   73.01    5509.5    609.88
   73.09    5519.0    610.99
   73.26    5537.9    613.19
   73.31    5544.0    613.90
   73.36    5550.0    614.60
   73.47    5562.1    616.01
   73.62    5581.1    618.22
   73.78    5600.0    620.41
   73.97    5623.1    623.08
   74.18    5650.0    626.21
   74.36    5672.2    628.79
   74.44    5683.3    630.07
   74.52    5694.2    631.34
   74.55    5697.6    631.73
   74.58    5701.0    632.13
   74.70    5718.5    634.21
   74.82    5736.0    636.28
   74.85    5740.7    636.83
   74.88    5745.3    637.39
   74.97    5758.2    638.91
   75.01    5764.6    639.67
   75.05    5771.0    640.43
   75.17    5787.7    642.42
   75.27    5804.2    644.39
   75.32    5812.3    645.36
   75.38    5820.4    646.33
   75.38    5821.0    646.40
   75.47    5834.8    648.05
   75.55    5848.3    649.69
   75.59    5855.1    650.50
   75.63    5861.7    651.31
   75.69    5871.0    652.43
   75.80    5891.1    654.89
   75.89    5906.2    656.73
   75.98    5921.0    658.55
   76.01    5926.9    659.28
   76.04    5932.7    660.00
   76.06    5935.6    660.35
   76.16    5953.5    662.57
   76.20    5962.3    663.67
   76.25    5971.0    664.76
   76.32    5984.5    666.48
   76.41    6001.4    668.65
   76.48    6016.0    670.51
   76.59    6037.7    673.29
   76.69    6059.2    676.06
   76.70    6060.1    676.17
   76.70    6061.0    676.29
   76.79    6080.5    678.80
   76.86    6093.3    680.45
   76.92    6106.0    682.10
   76.94    6111.6    682.82
   76.97    6117.1    683.54
   77.02    6128.2    684.98
   77.03    6130.6    685.30
   77.04    6133.1    685.62
   77.08    6142.1    686.78
   77.10    6146.5    687.36
   77.11    6148.8    687.65
   77.13    6151.0    687.94
   77.20    6168.5    690.34
   77.27    6186.0    692.74
   77.34    6203.5    695.14
   77.42    6221.0    697.53
   77.49    6238.5    699.91
   77.53    6247.2    701.10
   77.56    6256.0    702.30
   77.59    6263.3    703.28
   77.59    6264.0    703.39
   77.65    6277.5    705.22
   77.70    6291.0    707.05
   77.74    6301.0    708.40
   77.79    6311.0    709.76
   77.81    6316.0    710.43
   77.83    6321.0    711.11
   77.85    6326.0    711.79
   77.87    6331.0    712.46
   77.88    6334.9    712.99
   77.90    6338.8    713.51
   77.91    6342.7    714.04
   77.92    6344.6    714.30
   77.93    6346.6    714.57
   77.93    6346.9    714.61
   77.94    6351.4    715.33
   77.95    6353.7    715.68
   77.96    6354.9    715.86
   77.96    6356.0    716.04
   77.98    6363.5    717.39
   77.99    6367.3    718.06
   78.00    6369.1    718.40
   78.00    6370.1    718.57
   78.00    6371.0    718.74
