    0.00    6371.0      0.00
    0.00    6370.1      0.17
    0.01    6369.1      0.34
    0.01    6367.3      0.69
    0.02    6363.5      1.37
    0.05    6356.0      2.75
    0.05    6354.9      2.93
    0.06    6353.7      3.11
    0.07    6351.4      3.48
    0.08    6346.9      4.21
    0.09    6346.6      4.26
    0.09    6344.6      4.53
    0.10    6342.7      4.80
    0.12    6338.8      5.35
    0.14    6334.9      5.90
    0.16    6331.0      6.44
    0.19    6326.0      7.15
    0.21    6321.0      7.85
    0.24    6316.0      8.55
    0.26    6311.0      9.25
    0.31    6301.0     10.66
    0.36    6291.0     12.07
    0.43    6277.5     13.97
    0.49    6264.0     15.88
    0.50    6263.3     15.98
    0.53    6256.0     17.01
    0.58    6247.2     18.25
    0.62    6238.5     19.49
    0.71    6221.0     21.97
    0.80    6203.5     24.46
    0.89    6186.0     26.94
    0.98    6168.5     29.44
    1.06    6151.0     31.94
    1.08    6148.8     32.24
    1.09    6146.5     32.55
    1.12    6142.1     33.16
    1.17    6133.1     34.38
    1.18    6130.6     34.72
    1.19    6128.2     35.05
    1.26    6117.1     36.56
    1.29    6111.6     37.31
    1.32    6106.0     38.07
    1.40    6093.3     39.80
    1.47    6080.5     41.54
    1.59    6061.0     44.18
    1.59    6060.1     44.31
    1.60    6059.2     44.43
    1.73    6037.7     47.34
    1.86    6016.0     50.28
    1.95    6001.4     52.25
    2.06    5984.5     54.54
    2.15    5971.0     56.36
    2.20    5962.3     57.52
    2.26    5953.5     58.69
    2.39    5935.6     61.06
    2.41    5932.7     61.44
    2.45    5926.9     62.21
    2.49    5921.0     62.98
    2.59    5906.2     64.93
    2.70    5891.1     66.91
    2.85    5871.0     69.55
    2.92    5861.7     70.77
    2.97    5855.1     71.64
    3.03    5848.3     72.52
    3.13    5834.8     74.29
    3.24    5821.0     76.09
    3.25    5820.4     76.17
    3.31    5812.3     77.22
    3.38    5804.2     78.28
    3.52    5787.7     80.42
    3.66    5771.0     82.60
    3.71    5764.6     83.43
    3.77    5758.2     84.27
    3.88    5745.3     85.95
    3.92    5740.7     86.56
    3.96    5736.0     87.17
    4.12    5718.5     89.45
    4.28    5701.0     91.75
    4.31    5697.6     92.19
    4.34    5694.2     92.63
    4.45    5683.3     94.07
    4.56    5672.2     95.51
    4.79    5650.0     98.43
    5.08    5623.1    101.99
    5.33    5600.0    105.06
    5.54    5581.1    107.58
    5.76    5562.1    110.12
    5.90    5550.0    111.75
    5.97    5544.0    112.57
    6.04    5537.9    113.40
    6.27    5519.0    115.96
    6.38    5509.5    117.26
    6.50    5500.0    118.56
    6.77    5477.4    121.66
    7.06    5454.7    124.80
    7.15    5447.9    125.75
    7.28    5437.6    127.18
    7.30    5436.5    127.35
    7.31    5435.3    127.51
    7.34    5433.0    127.84
    7.40    5428.3    128.49
    7.46    5423.6    129.15
    7.53    5418.9    129.81
    7.59    5414.2    130.48
    7.65    5409.5    131.14
    7.78    5400.0    132.48
    7.95    5387.1    134.32
    8.13    5374.1    136.17
    8.31    5361.1    138.04
    8.50    5348.1    139.92
    8.67    5336.1    141.66
    8.85    5324.1    143.41
    9.20    5300.0    146.96
    9.66    5270.3    151.40
   10.14    5240.3    155.94
   10.46    5220.2    159.03
   10.80    5200.0    162.18
   11.20    5176.9    165.82
   11.74    5146.9    170.66
   12.30    5116.6    175.64
   12.33    5115.0    175.90
   12.36    5113.5    176.16
   12.42    5110.3    176.68
   12.54    5104.1    177.72
   12.62    5100.0    178.41
   12.79    5091.5    179.85
   13.30    5066.1    184.22
   14.09    5028.8    190.81
   14.73    5000.0    196.08
   14.94    4991.1    197.74
   15.92    4950.6    205.56
   16.45    4930.1    209.66
   17.00    4909.6    213.91
   17.26    4900.0    215.95
   18.07    4872.3    222.02
   18.65    4853.4    226.34
   19.26    4834.5    230.85
   19.87    4817.2    235.25
   20.48    4800.0    239.65
   20.69    4794.4    241.16
   21.50    4774.0    246.89
   22.38    4753.5    253.09
   23.32    4734.9    259.52
   24.26    4716.4    265.95
   25.25    4700.0    272.66
   26.03    4689.4    277.84
   26.80    4678.8    283.02
   27.75    4673.2    289.22
   28.70    4667.5    295.43
   29.65    4661.9    301.64
   30.60    4656.2    307.85
   31.55    4650.6    314.05
   32.50    4645.0    320.26
   33.45    4650.6    326.47
   34.40    4656.2    332.67
   35.35    4661.9    338.88
   36.30    4667.5    345.09
   37.25    4673.2    351.29
   38.20    4678.8    357.50
   38.97    4689.4    362.68
   39.75    4700.0    367.86
   40.74    4716.4    374.57
   41.68    4734.9    381.00
   42.62    4753.5    387.43
   43.50    4774.0    393.62
   44.31    4794.4    399.35
   44.52    4800.0    400.87
   45.13    4817.2    405.27
   45.74    4834.5    409.66
   46.35    4853.4    414.18
   46.93    4872.3    418.49
   47.74    4900.0    424.57
   48.00    4909.6    426.61
   48.55    4930.1    430.86
   49.08    4950.6    434.96
   50.06    4991.1    442.78
   50.27    5000.0    444.44
   50.91    5028.8    449.71
   51.70    5066.1    456.29
   52.21    5091.5    460.67
   52.38    5100.0    462.10
   52.46    5104.1    462.80
   52.58    5110.3    463.84
   52.64    5113.5    464.36
   52.67    5115.0    464.62
   52.70    5116.6    464.88
   53.26    5146.9    469.86
   53.80    5176.9    474.69
   54.20    5200.0    478.33
   54.54    5220.2    481.48
   54.86    5240.3    484.58
   55.34    5270.3    489.12
   55.80    5300.0    493.56
   56.15    5324.1    497.11
   56.33    5336.1    498.86
   56.50    5348.1    500.59
   56.69    5361.1    502.48
   56.87    5374.1    504.35
   57.05    5387.1    506.20
   57.22    5400.0    508.04
   57.35    5409.5    509.37
   57.41    5414.2    510.04
   57.47    5418.9    510.70
   57.54    5423.6    511.36
   57.60    5428.3    512.02
   57.66    5433.0    512.68
   57.69    5435.3    513.01
   57.70    5436.5    513.17
   57.72    5437.6    513.34
   57.85    5447.9    514.77
   57.94    5454.7    515.71
   58.23    5477.4    518.86
   58.50    5500.0    521.96
   58.62    5509.5    523.26
   58.73    5519.0    524.56
   58.96    5537.9    527.12
   59.03    5544.0    527.94
   59.10    5550.0    528.76
   59.24    5562.1    530.39
   59.46    5581.1    532.94
   59.67    5600.0    535.46
   59.92    5623.1    538.52
   60.21    5650.0    542.08
   60.44    5672.2    545.01
   60.55    5683.3    546.45
   60.66    5694.2    547.88
   60.69    5697.6    548.33
   60.72    5701.0    548.77
   60.88    5718.5    551.07
   61.04    5736.0    553.35
   61.08    5740.7    553.96
   61.12    5745.3    554.57
   61.23    5758.2    556.25
   61.29    5764.6    557.08
   61.34    5771.0    557.92
   61.48    5787.7    560.10
   61.62    5804.2    562.24
   61.69    5812.3    563.30
   61.75    5820.4    564.35
   61.76    5821.0    564.43
   61.87    5834.8    566.23
   61.97    5848.3    568.00
   62.03    5855.1    568.88
   62.08    5861.7    569.75
   62.15    5871.0    570.96
   62.30    5891.1    573.60
   62.41    5906.2    575.58
   62.51    5921.0    577.53
   62.55    5926.9    578.31
   62.59    5932.7    579.08
   62.61    5935.6    579.46
   62.74    5953.5    581.83
   62.80    5962.3    583.00
   62.85    5971.0    584.16
   62.94    5984.5    585.98
   63.05    6001.4    588.27
   63.14    6016.0    590.24
   63.27    6037.7    593.17
   63.40    6059.2    596.09
   63.41    6060.1    596.21
   63.41    6061.0    596.33
   63.53    6080.5    598.97
   63.60    6093.3    600.71
   63.68    6106.0    602.45
   63.71    6111.6    603.20
   63.74    6117.1    603.96
   63.81    6128.2    605.46
   63.82    6130.6    605.80
   63.83    6133.1    606.14
   63.88    6142.1    607.36
   63.91    6146.5    607.97
   63.92    6148.8    608.28
   63.94    6151.0    608.58
   64.03    6168.5    611.08
   64.11    6186.0    613.57
   64.20    6203.5    616.06
   64.29    6221.0    618.55
   64.38    6238.5    621.03
   64.42    6247.2    622.27
   64.47    6256.0    623.51
   64.50    6263.3    624.53
   64.51    6264.0    624.64
   64.57    6277.5    626.54
   64.64    6291.0    628.45
   64.69    6301.0    629.86
   64.74    6311.0    631.26
   64.76    6316.0    631.97
   64.79    6321.0    632.67
   64.81    6326.0    633.37
   64.84    6331.0    634.07
   64.86    6334.9    634.62
   64.88    6338.8    635.17
   64.90    6342.7    635.71
   64.91    6344.6    635.99
   64.91    6346.6    636.26
   64.92    6346.9    636.31
   64.93    6351.4    637.04
   64.94    6353.7    637.40
   64.95    6354.9    637.59
   64.95    6356.0    637.77
   64.98    6363.5    639.14
   64.99    6367.3    639.83
   64.99    6369.1    640.17
   65.00    6370.1    640.35
   65.00    6371.0    640.52
