    0.00    6371.0      0.00
    0.00    6370.1      0.17
    0.01    6369.1      0.34
    0.01    6367.3      0.68
    0.02    6363.5      1.36
    0.04    6356.0      2.72
    0.05    6354.9      2.90
    0.05    6353.7      3.08
    0.06    6351.4      3.44
    0.08    6346.9      4.16
    0.08    6346.6      4.21
    0.09    6344.6      4.48
    0.10    6342.7      4.74
    0.11    6338.8      5.28
    0.13    6334.9      5.81
    0.15    6331.0      6.35
    0.17    6326.0      7.04
    0.19    6321.0      7.72
    0.21    6316.0      8.41
    0.24    6311.0      9.10
    0.28    6301.0     10.48
    0.32    6291.0     11.85
    0.38    6277.5     13.72
    0.45    6264.0     15.58
    0.45    6263.3     15.68
    0.48    6256.0     16.69
    0.52    6247.2     17.90
    0.56    6238.5     19.11
    0.64    6221.0     21.54
    0.72    6203.5     23.97
    0.80    6186.0     26.40
    0.88    6168.5     28.85
    0.96    6151.0     31.29
    0.97    6148.8     31.58
    0.98    6146.5     31.88
    1.01    6142.1     32.47
    1.05    6133.1     33.66
    1.06    6130.6     33.99
    1.08    6128.2     34.32
    1.13    6117.1     35.78
    1.16    6111.6     36.52
    1.19    6106.0     37.26
    1.26    6093.3     38.94
    1.33    6080.5     40.63
    1.43    6061.0     43.20
    1.43    6060.1     43.32
    1.44    6059.2     43.44
    1.56    6037.7     46.26
    1.67    6016.0     49.11
    1.76    6001.4     51.02
    1.85    5984.5     53.24
    1.93    5971.0     55.00
    1.98    5962.3     56.12
    2.03    5953.5     57.25
    2.14    5935.6     59.53
    2.16    5932.7     59.90
    2.20    5926.9     60.64
    2.23    5921.0     61.38
    2.33    5906.2     63.26
    2.42    5891.1     65.16
    2.55    5871.0     67.69
    2.62    5861.7     68.85
    2.66    5855.1     69.69
    2.71    5848.3     70.53
    2.80    5834.8     72.22
    2.90    5821.0     73.93
    2.90    5820.4     74.01
    2.96    5812.3     75.01
    3.02    5804.2     76.02
    3.14    5787.7     78.06
    3.26    5771.0     80.13
    3.31    5764.6     80.92
    3.36    5758.2     81.71
    3.46    5745.3     83.30
    3.49    5740.7     83.87
    3.53    5736.0     84.45
    3.66    5718.5     86.61
    3.80    5701.0     88.78
    3.83    5697.6     89.19
    3.86    5694.2     89.61
    3.95    5683.3     90.94
    4.05    5672.2     92.29
    4.25    5650.0     95.00
    4.49    5623.1     98.30
    4.70    5600.0    101.13
    4.88    5581.1    103.45
    5.07    5562.1    105.79
    5.18    5550.0    107.29
    5.24    5544.0    108.04
    5.30    5537.9    108.79
    5.49    5519.0    111.13
    5.59    5509.5    112.31
    5.69    5500.0    113.50
    5.92    5477.4    116.32
    6.16    5454.7    119.17
    6.23    5447.9    120.02
    6.34    5437.6    121.32
    6.35    5436.5    121.46
    6.37    5435.3    121.61
    6.39    5433.0    121.91
    6.44    5428.3    122.50
    6.49    5423.6    123.09
    6.55    5418.9    123.69
    6.60    5414.2    124.28
    6.65    5409.5    124.88
    6.75    5400.0    126.08
    6.90    5387.1    127.73
    7.05    5374.1    129.38
    7.20    5361.1    131.05
    7.35    5348.1    132.72
    7.49    5336.1    134.26
    7.63    5324.1    135.81
    7.92    5300.0    138.94
    8.29    5270.3    142.83
    8.67    5240.3    146.79
    8.93    5220.2    149.46
    9.20    5200.0    152.17
    9.52    5176.9    155.28
    9.94    5146.9    159.38
   10.37    5116.6    163.56
   10.39    5115.0    163.78
   10.42    5113.5    164.00
   10.46    5110.3    164.43
   10.56    5104.1    165.29
   10.62    5100.0    165.87
   10.74    5091.5    167.06
   11.13    5066.1    170.65
   11.72    5028.8    175.99
   12.19    5000.0    180.19
   12.34    4991.1    181.49
   13.04    4950.6    187.55
   13.41    4930.1    190.66
   13.79    4909.6    193.83
   13.97    4900.0    195.32
   14.50    4872.3    199.71
   14.88    4853.4    202.74
   15.26    4834.5    205.83
   16.00    4800.0    211.59
   16.12    4794.4    212.55
   16.58    4774.0    216.07
   17.06    4753.5    219.67
   17.96    4716.4    226.42
   18.38    4700.0    229.50
   18.95    4678.8    233.59
   19.48    4659.8    237.42
   20.02    4640.8    241.25
   20.60    4621.6    245.29
   21.21    4602.4    249.49
   21.29    4600.0    250.04
   21.92    4581.8    254.29
   22.55    4563.5    258.55
   23.28    4544.0    263.45
   24.08    4524.3    268.66
   24.61    4512.2    272.13
   25.15    4500.0    275.61
   25.89    4484.7    280.34
   26.66    4471.4    285.15
   27.42    4458.0    289.96
   28.19    4444.7    294.78
   28.53    4439.7    296.88
   29.46    4429.8    302.55
   30.39    4419.8    308.22
   31.31    4409.9    313.88
   32.24    4400.0    319.55
   33.18    4396.7    325.19
   34.12    4393.4    330.82
   35.06    4390.1    336.45
   36.00    4386.8    342.09
   36.94    4390.1    347.72
   37.88    4393.4    353.35
   38.82    4396.7    358.99
   39.76    4400.0    364.62
   40.69    4409.9    370.29
   41.61    4419.8    375.96
   42.54    4429.8    381.62
   43.47    4439.7    387.29
   43.81    4444.7    389.40
   44.58    4458.0    394.21
   45.34    4471.4    399.02
   46.11    4484.7    403.83
   46.85    4500.0    408.56
   47.39    4512.2    412.04
   47.92    4524.3    415.52
   48.72    4544.0    420.72
   49.45    4563.5    425.62
   50.08    4581.8    429.88
   50.71    4600.0    434.14
   50.79    4602.4    434.68
   51.40    4621.6    438.88
   51.98    4640.8    442.92
   52.52    4659.8    446.75
   53.05    4678.8    450.58
   53.62    4700.0    454.67
   54.04    4716.4    457.75
   54.94    4753.5    464.50
   55.42    4774.0    468.10
   55.88    4794.4    471.62
   56.00    4800.0    472.58
   56.74    4834.5    478.35
   57.12    4853.4    481.43
   57.50    4872.3    484.47
   58.03    4900.0    488.85
   58.21    4909.6    490.34
   58.59    4930.1    493.51
   58.96    4950.6    496.62
   59.66    4991.1    502.68
   59.81    5000.0    503.99
   60.28    5028.8    508.19
   60.87    5066.1    513.52
   61.26    5091.5    517.11
   61.38    5100.0    518.30
   61.44    5104.1    518.88
   61.54    5110.3    519.75
   61.58    5113.5    520.18
   61.61    5115.0    520.39
   61.63    5116.6    520.61
   62.06    5146.9    524.79
   62.48    5176.9    528.89
   62.80    5200.0    532.00
   63.07    5220.2    534.71
   63.33    5240.3    537.39
   63.71    5270.3    541.34
   64.08    5300.0    545.23
   64.37    5324.1    548.36
   64.51    5336.1    549.91
   64.65    5348.1    551.45
   64.80    5361.1    553.13
   64.95    5374.1    554.79
   65.10    5387.1    556.45
   65.25    5400.0    558.09
   65.35    5409.5    559.29
   65.40    5414.2    559.89
   65.45    5418.9    560.49
   65.51    5423.6    561.08
   65.56    5428.3    561.67
   65.61    5433.0    562.27
   65.63    5435.3    562.56
   65.65    5436.5    562.71
   65.66    5437.6    562.86
   65.77    5447.9    564.15
   65.84    5454.7    565.01
   66.08    5477.4    567.85
   66.31    5500.0    570.67
   66.41    5509.5    571.86
   66.51    5519.0    573.04
   66.70    5537.9    575.38
   66.76    5544.0    576.14
   66.82    5550.0    576.89
   66.93    5562.1    578.38
   67.12    5581.1    580.72
   67.30    5600.0    583.04
   67.51    5623.1    585.87
   67.75    5650.0    589.17
   67.95    5672.2    591.89
   68.05    5683.3    593.23
   68.14    5694.2    594.57
   68.17    5697.6    594.98
   68.20    5701.0    595.39
   68.34    5718.5    597.57
   68.47    5736.0    599.72
   68.51    5740.7    600.30
   68.54    5745.3    600.88
   68.64    5758.2    602.46
   68.69    5764.6    603.26
   68.74    5771.0    604.05
   68.86    5787.7    606.12
   68.98    5804.2    608.15
   69.04    5812.3    609.16
   69.10    5820.4    610.16
   69.10    5821.0    610.24
   69.20    5834.8    611.95
   69.29    5848.3    613.65
   69.34    5855.1    614.48
   69.38    5861.7    615.32
   69.45    5871.0    616.48
   69.58    5891.1    619.01
   69.67    5906.2    620.91
   69.77    5921.0    622.79
   69.80    5926.9    623.53
   69.84    5932.7    624.28
   69.86    5935.6    624.64
   69.97    5953.5    626.92
   70.02    5962.3    628.05
   70.07    5971.0    629.17
   70.15    5984.5    630.94
   70.24    6001.4    633.16
   70.33    6016.0    635.06
   70.44    6037.7    637.91
   70.56    6059.2    640.74
   70.57    6060.1    640.86
   70.57    6061.0    640.98
   70.67    6080.5    643.54
   70.74    6093.3    645.23
   70.81    6106.0    646.92
   70.84    6111.6    647.65
   70.87    6117.1    648.39
   70.92    6128.2    649.85
   70.94    6130.6    650.18
   70.95    6133.1    650.51
   70.99    6142.1    651.70
   71.02    6146.5    652.29
   71.03    6148.8    652.59
   71.04    6151.0    652.88
   71.12    6168.5    655.33
   71.20    6186.0    657.77
   71.28    6203.5    660.20
   71.36    6221.0    662.63
   71.44    6238.5    665.06
   71.48    6247.2    666.27
   71.52    6256.0    667.49
   71.55    6263.3    668.49
   71.56    6264.0    668.59
   71.62    6277.5    670.46
   71.68    6291.0    672.32
   71.72    6301.0    673.70
   71.76    6311.0    675.07
   71.79    6316.0    675.76
   71.81    6321.0    676.45
   71.83    6326.0    677.14
   71.85    6331.0    677.82
   71.87    6334.9    678.36
   71.89    6338.8    678.89
   71.91    6342.7    679.43
   71.91    6344.6    679.70
   71.92    6346.6    679.96
   71.92    6346.9    680.01
   71.94    6351.4    680.73
   71.95    6353.7    681.09
   71.95    6354.9    681.27
   71.96    6356.0    681.45
   71.98    6363.5    682.81
   71.99    6367.3    683.49
   71.99    6369.1    683.83
   72.00    6370.1    684.00
   72.00    6371.0    684.17
