    0.00    6371.0      0.00
    0.00    6370.1      0.17
    0.00    6369.1      0.33
    0.01    6367.3      0.67
    0.02    6363.5      1.33
    0.03    6356.0      2.66
    0.04    6354.9      2.84
    0.04    6353.7      3.01
    0.05    6351.4      3.36
    0.06    6346.9      4.06
    0.06    6346.6      4.10
    0.06    6344.6      4.36
    0.07    6342.7      4.62
    0.08    6338.8      5.13
    0.10    6334.9      5.64
    0.11    6331.0      6.15
    0.12    6326.0      6.80
    0.14    6321.0      7.46
    0.16    6316.0      8.12
    0.17    6311.0      8.77
    0.21    6301.0     10.09
    0.24    6291.0     11.40
    0.28    6277.5     13.18
    0.33    6264.0     14.95
    0.33    6263.3     15.05
    0.35    6256.0     16.01
    0.38    6247.2     17.17
    0.41    6238.5     18.32
    0.47    6221.0     20.64
    0.53    6203.5     22.96
    0.59    6186.0     25.28
    0.65    6168.5     27.60
    0.70    6151.0     29.93
    0.71    6148.8     30.21
    0.72    6146.5     30.49
    0.74    6142.1     31.05
    0.77    6133.1     32.17
    0.78    6130.6     32.48
    0.79    6128.2     32.79
    0.83    6117.1     34.17
    0.85    6111.6     34.86
    0.87    6106.0     35.56
    0.92    6093.3     37.14
    0.97    6080.5     38.73
    1.04    6061.0     41.15
    1.05    6060.1     41.26
    1.05    6059.2     41.37
    1.13    6037.7     44.03
    1.22    6016.0     46.70
    1.28    6001.4     48.48
    1.35    5984.5     50.56
    1.40    5971.0     52.21
    1.44    5962.3     53.25
    1.48    5953.5     54.30
    1.55    5935.6     56.41
    1.57    5932.7     56.75
    1.59    5926.9     57.44
    1.62    5921.0     58.13
    1.68    5906.2     59.86
    1.75    5891.1     61.60
    1.85    5871.0     63.93
    1.89    5861.7     64.99
    1.92    5855.1     65.76
    1.95    5848.3     66.52
    2.02    5834.8     68.07
    2.09    5821.0     69.62
    2.09    5820.4     69.69
    2.13    5812.3     70.60
    2.17    5804.2     71.52
    2.25    5787.7     73.36
    2.34    5771.0     75.22
    2.37    5764.6     75.93
    2.40    5758.2     76.65
    2.47    5745.3     78.07
    2.50    5740.7     78.59
    2.52    5736.0     79.11
    2.61    5718.5     81.04
    2.71    5701.0     82.98
    2.73    5697.6     83.34
    2.75    5694.2     83.71
    2.81    5683.3     84.88
    2.88    5672.2     86.05
    3.01    5650.0     88.42
    3.17    5623.1     91.29
    3.31    5600.0     93.73
    3.43    5581.1     95.72
    3.55    5562.1     97.73
    3.63    5550.0     99.01
    3.67    5544.0     99.65
    3.71    5537.9    100.29
    3.83    5519.0    102.28
    3.89    5509.5    103.29
    3.96    5500.0    104.29
    4.11    5477.4    106.67
    4.26    5454.7    109.07
    4.31    5447.9    109.78
    4.38    5437.6    110.86
    4.39    5436.5    110.99
    4.39    5435.3    111.11
    4.41    5433.0    111.36
    4.44    5428.3    111.85
    4.48    5423.6    112.35
    4.51    5418.9    112.84
    4.54    5414.2    113.34
    4.58    5409.5    113.84
    4.64    5400.0    114.83
    4.73    5387.1    116.19
    4.83    5374.1    117.56
    4.92    5361.1    118.93
    5.02    5348.1    120.31
    5.11    5336.1    121.57
    5.19    5324.1    122.83
    5.38    5300.0    125.38
    5.60    5270.3    128.51
    5.84    5240.3    131.68
    6.00    5220.2    133.80
    6.16    5200.0    135.94
    6.35    5176.9    138.39
    6.60    5146.9    141.58
    6.86    5116.6    144.80
    6.87    5115.0    144.96
    6.89    5113.5    145.13
    6.91    5110.3    145.46
    6.97    5104.1    146.12
    7.00    5100.0    146.56
    7.08    5091.5    147.46
    7.30    5066.1    150.18
    7.64    5028.8    154.16
    7.90    5000.0    157.25
    7.99    4991.1    158.20
    8.38    4950.6    162.57
    8.58    4930.1    164.78
    8.78    4909.6    167.00
    8.88    4900.0    168.04
    9.16    4872.3    171.06
    9.35    4853.4    173.12
    9.55    4834.5    175.18
    9.92    4800.0    178.97
    9.98    4794.4    179.59
   10.21    4774.0    181.84
   10.44    4753.5    184.11
   10.86    4716.4    188.24
   11.05    4700.0    190.07
   11.31    4678.8    192.45
   11.77    4640.8    196.74
   12.01    4621.6    198.91
   12.25    4602.4    201.10
   12.28    4600.0    201.38
   12.76    4563.5    205.57
   13.02    4544.0    207.84
   13.29    4524.3    210.12
   13.62    4500.0    212.97
   13.84    4484.7    214.76
   14.42    4444.7    219.52
   14.49    4439.7    220.11
   15.09    4400.0    224.89
   15.42    4378.9    227.46
   15.54    4371.6    228.36
   16.11    4335.9    232.76
   16.72    4300.0    237.25
   17.41    4260.5    242.28
   18.13    4220.8    247.43
   18.33    4210.4    248.80
   18.53    4200.0    250.18
   19.51    4150.2    256.87
   20.04    4125.1    260.36
   20.57    4100.0    263.85
   20.81    4089.4    265.35
   21.00    4080.8    266.57
   21.19    4072.3    267.80
   22.03    4036.2    273.08
   22.47    4018.2    275.79
   22.92    4000.0    278.55
   23.89    3963.2    284.31
   24.41    3944.6    287.33
   24.93    3926.1    290.36
   25.31    3913.1    292.55
   25.70    3900.0    294.78
   26.50    3875.1    299.24
   27.31    3850.2    303.70
   28.22    3825.1    308.60
   29.13    3800.0    313.51
   29.50    3790.8    315.44
   29.67    3786.6    316.32
   29.84    3782.4    317.21
   30.75    3761.9    321.88
   31.66    3741.3    326.54
   32.38    3727.6    330.15
   33.10    3713.8    333.76
   33.83    3700.0    337.37
   34.69    3688.2    341.51
   35.55    3676.4    345.65
   36.42    3664.6    349.80
   37.28    3652.8    353.94
   38.14    3641.0    358.09
   38.73    3635.5    360.84
   39.31    3630.0    363.59
   40.00    3625.0    366.80
   40.69    3620.0    370.01
   41.38    3615.0    373.21
   42.26    3612.0    377.27
   43.14    3609.0    381.32
   44.02    3606.0    385.37
   44.90    3603.0    389.42
   45.78    3600.0    393.48
   46.50    3599.7    396.77
   47.22    3600.0    400.06
   48.10    3603.0    404.11
   48.98    3606.0    408.16
   49.86    3609.0    412.21
   50.74    3612.0    416.27
   51.62    3615.0    420.32
   52.31    3620.0    423.53
   53.00    3625.0    426.74
   53.69    3630.0    429.94
   54.27    3635.5    432.70
   54.86    3641.0    435.45
   55.72    3652.8    439.59
   56.58    3664.6    443.73
   57.45    3676.4    447.88
   58.31    3688.2    452.02
   59.17    3700.0    456.16
   59.90    3713.8    459.77
   60.62    3727.6    463.38
   61.34    3741.3    466.99
   62.25    3761.9    471.66
   63.16    3782.4    476.32
   63.33    3786.6    477.21
   63.50    3790.8    478.10
   63.87    3800.0    480.02
   64.78    3825.1    484.93
   65.69    3850.2    489.84
   66.50    3875.1    494.29
   67.30    3900.0    498.75
   67.69    3913.1    500.99
   68.07    3926.1    503.18
   68.59    3944.6    506.20
   69.11    3963.2    509.22
   70.08    4000.0    514.98
   70.53    4018.2    517.75
   70.97    4036.2    520.46
   71.81    4072.3    525.73
   72.00    4080.8    526.96
   72.19    4089.4    528.18
   72.43    4100.0    529.69
   72.96    4125.1    533.17
   73.49    4150.2    536.66
   74.47    4200.0    543.36
   74.67    4210.4    544.73
   74.87    4220.8    546.10
   75.59    4260.5    551.25
   76.28    4300.0    556.28
   76.89    4335.9    560.77
   77.46    4371.6    565.17
   77.58    4378.9    566.07
   77.91    4400.0    568.64
   78.51    4439.7    573.42
   78.58    4444.7    574.02
   79.16    4484.7    578.77
   79.38    4500.0    580.57
   79.71    4524.3    583.41
   79.98    4544.0    585.70
   80.24    4563.5    587.96
   80.72    4600.0    592.15
   80.75    4602.4    592.43
   80.99    4621.6    594.62
   81.23    4640.8    596.79
   81.69    4678.8    601.08
   81.95    4700.0    603.46
   82.14    4716.4    605.30
   82.56    4753.5    609.42
   82.79    4774.0    611.69
   83.02    4794.4    613.94
   83.08    4800.0    614.56
   83.45    4834.5    618.35
   83.65    4853.4    620.42
   83.84    4872.3    622.47
   84.12    4900.0    625.49
   84.22    4909.6    626.53
   84.42    4930.1    628.75
   84.62    4950.6    630.96
   85.01    4991.1    635.33
   85.10    5000.0    636.28
   85.36    5028.8    639.37
   85.70    5066.1    643.35
   85.92    5091.5    646.07
   86.00    5100.0    646.97
   86.03    5104.1    647.41
   86.09    5110.3    648.07
   86.11    5113.5    648.40
   86.13    5115.0    648.57
   86.14    5116.6    648.73
   86.40    5146.9    651.95
   86.65    5176.9    655.14
   86.84    5200.0    657.59
   87.00    5220.2    659.73
   87.16    5240.3    661.86
   87.40    5270.3    665.02
   87.62    5300.0    668.16
   87.81    5324.1    670.70
   87.89    5336.1    671.96
   87.98    5348.1    673.23
   88.08    5361.1    674.60
   88.17    5374.1    675.97
   88.27    5387.1    677.34
   88.36    5400.0    678.70
   88.42    5409.5    679.70
   88.46    5414.2    680.19
   88.49    5418.9    680.69
   88.52    5423.6    681.19
   88.56    5428.3    681.68
   88.59    5433.0    682.17
   88.61    5435.3    682.42
   88.61    5436.5    682.55
   88.62    5437.6    682.67
   88.69    5447.9    683.75
   88.74    5454.7    684.47
   88.89    5477.4    686.86
   89.04    5500.0    689.24
   89.11    5509.5    690.25
   89.17    5519.0    691.25
   89.29    5537.9    693.24
   89.33    5544.0    693.88
   89.37    5550.0    694.52
   89.45    5562.1    695.80
   89.57    5581.1    697.81
   89.69    5600.0    699.80
   89.83    5623.1    702.24
   89.99    5650.0    705.11
   90.12    5672.2    707.48
   90.19    5683.3    708.65
   90.25    5694.2    709.83
   90.27    5697.6    710.19
   90.29    5701.0    710.55
   90.39    5718.5    712.49
   90.48    5736.0    714.43
   90.50    5740.7    714.94
   90.53    5745.3    715.46
   90.60    5758.2    716.89
   90.63    5764.6    717.60
   90.66    5771.0    718.31
   90.75    5787.7    720.17
   90.83    5804.2    722.02
   90.87    5812.3    722.93
   90.91    5820.4    723.84
   90.91    5821.0    723.91
   90.98    5834.8    725.47
   91.05    5848.3    727.01
   91.08    5855.1    727.78
   91.11    5861.7    728.54
   91.15    5871.0    729.60
   91.25    5891.1    731.93
   91.32    5906.2    733.68
   91.38    5921.0    735.41
   91.41    5926.9    736.10
   91.43    5932.7    736.78
   91.45    5935.6    737.12
   91.52    5953.5    739.24
   91.56    5962.3    740.28
   91.60    5971.0    741.33
   91.65    5984.5    742.97
   91.72    6001.4    745.05
   91.78    6016.0    746.84
   91.87    6037.7    749.51
   91.95    6059.2    752.16
   91.95    6060.1    752.27
   91.96    6061.0    752.39
   92.03    6080.5    754.80
   92.08    6093.3    756.39
   92.13    6106.0    757.97
   92.15    6111.6    758.67
   92.17    6117.1    759.36
   92.21    6128.2    760.74
   92.22    6130.6    761.05
   92.23    6133.1    761.36
   92.26    6142.1    762.48
   92.28    6146.5    763.04
   92.29    6148.8    763.32
   92.30    6151.0    763.60
   92.35    6168.5    765.93
   92.41    6186.0    768.26
   92.47    6203.5    770.58
   92.53    6221.0    772.90
   92.59    6238.5    775.21
   92.62    6247.2    776.36
   92.65    6256.0    777.52
   92.67    6263.3    778.48
   92.67    6264.0    778.58
   92.72    6277.5    780.35
   92.76    6291.0    782.13
   92.79    6301.0    783.45
   92.83    6311.0    784.76
   92.84    6316.0    785.42
   92.86    6321.0    786.07
   92.88    6326.0    786.73
   92.89    6331.0    787.38
   92.90    6334.9    787.89
   92.92    6338.8    788.41
   92.93    6342.7    788.92
   92.94    6344.6    789.17
   92.94    6346.6    789.43
   92.94    6346.9    789.47
   92.95    6351.4    790.17
   92.96    6353.7    790.52
   92.96    6354.9    790.69
   92.97    6356.0    790.87
   92.98    6363.5    792.20
   92.99    6367.3    792.87
   93.00    6369.1    793.20
   93.00    6370.1    793.37
   93.00    6371.0    793.53
