    0.00    6371.0      0.00
    0.00    6370.1      0.18
    0.01    6369.1      0.35
    0.01    6367.3      0.70
    0.03    6363.5      1.41
    0.06    6356.0      2.81
    0.06    6354.9      3.00
    0.07    6353.7      3.19
    0.08    6351.4      3.57
    0.10    6346.9      4.32
    0.10    6346.6      4.37
    0.11    6344.6      4.66
    0.12    6342.7      4.94
    0.15    6338.8      5.52
    0.17    6334.9      6.10
    0.19    6331.0      6.67
    0.22    6326.0      7.41
    0.25    6321.0      8.15
    0.28    6316.0      8.89
    0.31    6311.0      9.63
    0.37    6301.0     11.12
    0.43    6291.0     12.60
    0.52    6277.5     14.61
    0.60    6264.0     16.61
    0.60    6263.3     16.73
    0.65    6256.0     17.81
    0.70    6247.2     19.12
    0.75    6238.5     20.42
    0.86    6221.0     23.04
    0.97    6203.5     25.66
    1.08    6186.0     28.29
    1.19    6168.5     30.93
    1.30    6151.0     33.56
    1.31    6148.8     33.88
    1.33    6146.5     34.21
    1.36    6142.1     34.86
    1.42    6133.1     36.17
    1.44    6130.6     36.53
    1.46    6128.2     36.89
    1.54    6117.1     38.50
    1.57    6111.6     39.31
    1.61    6106.0     40.12
    1.71    6093.3     41.98
    1.80    6080.5     43.85
    1.94    6061.0     46.69
    1.95    6060.1     46.82
    1.96    6059.2     46.95
    2.12    6037.7     50.09
    2.29    6016.0     53.26
    2.40    6001.4     55.38
    2.53    5984.5     57.87
    2.64    5971.0     59.84
    2.72    5962.3     61.11
    2.79    5953.5     62.39
    2.95    5935.6     64.99
    2.97    5932.7     65.41
    3.02    5926.9     66.26
    3.08    5921.0     67.11
    3.21    5906.2     69.27
    3.35    5891.1     71.47
    3.55    5871.0     74.42
    3.64    5861.7     75.78
    3.70    5855.1     76.76
    3.77    5848.3     77.74
    3.91    5834.8     79.74
    4.05    5821.0     81.78
    4.06    5820.4     81.87
    4.15    5812.3     83.07
    4.23    5804.2     84.28
    4.41    5787.7     86.73
    4.60    5771.0     89.25
    4.68    5764.6     90.21
    4.75    5758.2     91.18
    4.90    5745.3     93.13
    4.96    5740.7     93.84
    5.01    5736.0     94.55
    5.22    5718.5     97.22
    5.44    5701.0     99.91
    5.49    5697.6    100.45
    5.53    5694.2    100.99
    5.69    5683.3    102.75
    5.85    5672.2    104.53
    6.18    5650.0    108.16
    6.60    5623.1    112.64
    6.97    5600.0    116.56
    7.28    5581.1    119.82
    7.61    5562.1    123.15
    7.82    5550.0    125.30
    7.93    5544.0    126.38
    8.04    5537.9    127.48
    8.39    5519.0    130.91
    8.57    5509.5    132.66
    8.75    5500.0    134.43
    9.19    5477.4    138.70
    9.66    5454.7    143.10
    9.80    5447.9    144.44
   10.02    5437.6    146.48
   10.04    5436.5    146.71
   10.07    5435.3    146.95
   10.12    5433.0    147.42
   10.22    5428.3    148.37
   10.32    5423.6    149.32
   10.43    5418.9    150.28
   10.53    5414.2    151.25
   10.64    5409.5    152.23
   10.86    5400.0    154.21
   11.16    5387.1    156.95
   11.48    5374.1    159.76
   11.80    5361.1    162.64
   12.13    5348.1    165.60
   12.45    5336.1    168.37
   12.78    5324.1    171.21
   13.47    5300.0    177.14
   14.40    5270.3    184.93
   14.91    5255.3    189.20
   15.43    5240.3    193.47
   16.20    5220.2    199.71
   17.05    5200.0    206.55
   17.60    5188.5    210.92
   18.16    5176.9    215.28
   19.05    5161.9    222.21
   19.94    5146.9    229.14
   20.88    5136.8    236.35
   21.83    5126.7    243.55
   22.78    5116.6    250.76
   23.01    5115.0    252.52
   23.27    5113.5    254.45
   23.90    5110.3    259.23
   24.70    5108.7    265.24
   25.50    5107.1    271.25
   26.30    5108.7    277.27
   27.10    5110.3    283.28
   27.73    5113.5    288.05
   27.99    5115.0    289.99
   28.22    5116.6    291.75
   29.17    5126.7    298.95
   30.12    5136.8    306.16
   31.06    5146.9    313.36
   31.95    5161.9    320.29
   32.84    5176.9    327.22
   33.40    5188.5    331.59
   33.95    5200.0    335.96
   34.80    5220.2    342.79
   35.57    5240.3    349.04
   36.09    5255.3    353.31
   36.60    5270.3    357.58
   37.53    5300.0    365.37
   38.22    5324.1    371.30
   38.55    5336.1    374.14
   38.87    5348.1    376.91
   39.20    5361.1    379.86
   39.52    5374.1    382.74
   39.84    5387.1    385.55
   40.14    5400.0    388.30
   40.36    5409.5    390.28
   40.47    5414.2    391.25
   40.57    5418.9    392.22
   40.68    5423.6    393.18
   40.78    5428.3    394.14
   40.88    5433.0    395.09
   40.93    5435.3    395.56
   40.96    5436.5    395.79
   40.98    5437.6    396.03
   41.20    5447.9    398.07
   41.34    5454.7    399.41
   41.81    5477.4    403.81
   42.25    5500.0    408.08
   42.43    5509.5    409.85
   42.61    5519.0    411.59
   42.96    5537.9    415.03
   43.07    5544.0    416.12
   43.18    5550.0    417.21
   43.39    5562.1    419.36
   43.72    5581.1    422.69
   44.03    5600.0    425.95
   44.40    5623.1    429.86
   44.82    5650.0    434.35
   45.15    5672.2    437.98
   45.31    5683.3    439.76
   45.47    5694.2    441.51
   45.51    5697.6    442.05
   45.56    5701.0    442.59
   45.78    5718.5    445.29
   45.99    5736.0    447.96
   46.04    5740.7    448.67
   46.10    5745.3    449.37
   46.25    5758.2    451.32
   46.32    5764.6    452.29
   46.40    5771.0    453.26
   46.59    5787.7    455.77
   46.77    5804.2    458.23
   46.85    5812.3    459.44
   46.94    5820.4    460.64
   46.95    5821.0    460.73
   47.09    5834.8    462.76
   47.23    5848.3    464.76
   47.30    5855.1    465.75
   47.36    5861.7    466.73
   47.45    5871.0    468.09
   47.65    5891.1    471.04
   47.79    5906.2    473.23
   47.92    5921.0    475.39
   47.98    5926.9    476.25
   48.03    5932.7    477.10
   48.05    5935.6    477.52
   48.21    5953.5    480.12
   48.28    5962.3    481.40
   48.36    5971.0    482.67
   48.47    5984.5    484.64
   48.60    6001.4    487.12
   48.71    6016.0    489.25
   48.88    6037.7    492.42
   49.04    6059.2    495.55
   49.05    6060.1    495.69
   49.06    6061.0    495.82
   49.20    6080.5    498.66
   49.29    6093.3    500.53
   49.39    6106.0    502.38
   49.43    6111.6    503.19
   49.46    6117.1    504.00
   49.54    6128.2    505.62
   49.56    6130.6    505.98
   49.58    6133.1    506.34
   49.64    6142.1    507.64
   49.67    6146.5    508.30
   49.69    6148.8    508.62
   49.70    6151.0    508.95
   49.81    6168.5    511.58
   49.92    6186.0    514.22
   50.03    6203.5    516.84
   50.14    6221.0    519.47
   50.25    6238.5    522.08
   50.30    6247.2    523.39
   50.35    6256.0    524.70
   50.40    6263.3    525.78
   50.40    6264.0    525.89
   50.48    6277.5    527.90
   50.57    6291.0    529.91
   50.63    6301.0    531.39
   50.69    6311.0    532.87
   50.72    6316.0    533.61
   50.75    6321.0    534.35
   50.78    6326.0    535.09
   50.81    6331.0    535.83
   50.83    6334.9    536.41
   50.85    6338.8    536.98
   50.88    6342.7    537.56
   50.89    6344.6    537.85
   50.90    6346.6    538.14
   50.90    6346.9    538.18
   50.92    6351.4    538.94
   50.93    6353.7    539.32
   50.94    6354.9    539.51
   50.94    6356.0    539.69
   50.97    6363.5    541.10
   50.99    6367.3    541.80
   50.99    6369.1    542.15
   51.00    6370.1    542.33
   51.00    6371.0    542.51
