    0.00    6371.0      0.00
    0.00    6370.1      0.17
    0.01    6369.1      0.34
    0.01    6367.3      0.69
    0.02    6363.5      1.37
    0.05    6356.0      2.74
    0.05    6354.9      2.93
    0.06    6353.7      3.11
    0.07    6351.4      3.47
    0.08    6346.9      4.20
    0.08    6346.6      4.25
    0.09    6344.6      4.52
    0.10    6342.7      4.79
    0.12    6338.8      5.34
    0.14    6334.9      5.88
    0.16    6331.0      6.43
    0.18    6326.0      7.13
    0.21    6321.0      7.83
    0.23    6316.0      8.53
    0.26    6311.0      9.23
    0.30    6301.0     10.63
    0.35    6291.0     12.04
    0.42    6277.5     13.93
    0.49    6264.0     15.83
    0.49    6263.3     15.94
    0.52    6256.0     16.96
    0.57    6247.2     18.20
    0.61    6238.5     19.43
    0.70    6221.0     21.90
    0.79    6203.5     24.38
    0.87    6186.0     26.86
    0.96    6168.5     29.35
    1.05    6151.0     31.84
    1.06    6148.8     32.14
    1.07    6146.5     32.44
    1.10    6142.1     33.05
    1.15    6133.1     34.27
    1.16    6130.6     34.60
    1.18    6128.2     34.94
    1.24    6117.1     36.44
    1.27    6111.6     37.19
    1.30    6106.0     37.94
    1.38    6093.3     39.67
    1.45    6080.5     41.40
    1.56    6061.0     44.03
    1.57    6060.1     44.15
    1.57    6059.2     44.28
    1.70    6037.7     47.17
    1.83    6016.0     50.10
    1.92    6001.4     52.06
    2.03    5984.5     54.34
    2.11    5971.0     56.15
    2.17    5962.3     57.30
    2.23    5953.5     58.46
    2.35    5935.6     60.82
    2.37    5932.7     61.20
    2.41    5926.9     61.96
    2.45    5921.0     62.73
    2.55    5906.2     64.67
    2.66    5891.1     66.64
    2.81    5871.0     69.26
    2.88    5861.7     70.47
    2.93    5855.1     71.33
    2.98    5848.3     72.20
    3.08    5834.8     73.96
    3.19    5821.0     75.75
    3.19    5820.4     75.83
    3.26    5812.3     76.87
    3.32    5804.2     77.92
    3.46    5787.7     80.05
    3.60    5771.0     82.21
    3.65    5764.6     83.04
    3.71    5758.2     83.86
    3.82    5745.3     85.53
    3.86    5740.7     86.13
    3.90    5736.0     86.74
    4.05    5718.5     89.00
    4.20    5701.0     91.28
    4.24    5697.6     91.71
    4.27    5694.2     92.15
    4.38    5683.3     93.57
    4.49    5672.2     95.00
    4.71    5650.0     97.89
    4.99    5623.1    101.40
    5.24    5600.0    104.43
    5.44    5581.1    106.91
    5.65    5562.1    109.42
    5.79    5550.0    111.03
    5.86    5544.0    111.84
    5.93    5537.9    112.65
    6.14    5519.0    115.18
    6.26    5509.5    116.45
    6.37    5500.0    117.73
    6.64    5477.4    120.79
    6.92    5454.7    123.88
    7.00    5447.9    124.81
    7.13    5437.6    126.22
    7.15    5436.5    126.38
    7.16    5435.3    126.54
    7.19    5433.0    126.86
    7.25    5428.3    127.51
    7.31    5423.6    128.16
    7.37    5418.9    128.81
    7.43    5414.2    129.46
    7.49    5409.5    130.11
    7.62    5400.0    131.43
    7.79    5387.1    133.23
    7.96    5374.1    135.05
    8.14    5361.1    136.88
    8.31    5348.1    138.73
    8.48    5336.1    140.43
    8.65    5324.1    142.15
    9.00    5300.0    145.62
    9.44    5270.3    149.96
    9.90    5240.3    154.40
   10.21    5220.2    157.41
   10.54    5200.0    160.48
   10.92    5176.9    164.03
   11.44    5146.9    168.73
   11.98    5116.6    173.56
   12.01    5115.0    173.81
   12.04    5113.5    174.06
   12.09    5110.3    174.56
   12.21    5104.1    175.57
   12.29    5100.0    176.24
   12.45    5091.5    177.63
   12.93    5066.1    181.85
   13.68    5028.8    188.19
   14.29    5000.0    193.25
   14.49    4991.1    194.83
   15.41    4950.6    202.28
   15.91    4930.1    206.17
   16.42    4909.6    210.19
   16.67    4900.0    212.10
   17.41    4872.3    217.79
   17.95    4853.4    221.81
   18.51    4834.5    225.98
   19.05    4817.2    229.99
   19.60    4800.0    234.00
   19.79    4794.4    235.37
   20.51    4774.0    240.49
   21.28    4753.5    245.93
   22.06    4734.9    251.37
   22.84    4716.4    256.80
   23.62    4700.0    262.16
   24.19    4689.4    265.99
   24.76    4678.8    269.82
   25.63    4666.1    275.61
   26.51    4653.4    281.41
   27.38    4640.8    287.20
   28.05    4634.4    291.55
   28.72    4628.0    295.91
   29.39    4621.6    300.26
   30.29    4618.3    306.07
   31.20    4615.0    311.87
   32.10    4611.6    317.68
   33.00    4608.3    323.49
   33.90    4611.6    329.29
   34.80    4615.0    335.10
   35.71    4618.3    340.90
   36.61    4621.6    346.71
   37.28    4628.0    351.06
   37.95    4634.4    355.42
   38.62    4640.8    359.77
   39.49    4653.4    365.57
   40.37    4666.1    371.36
   41.24    4678.8    377.15
   41.81    4689.4    380.98
   42.38    4700.0    384.81
   43.16    4716.4    390.17
   43.94    4734.9    395.60
   44.72    4753.5    401.04
   45.49    4774.0    406.48
   46.21    4794.4    411.60
   46.40    4800.0    412.97
   46.95    4817.2    416.98
   47.49    4834.5    420.99
   48.05    4853.4    425.16
   48.59    4872.3    429.18
   49.33    4900.0    434.87
   49.58    4909.6    436.78
   50.09    4930.1    440.80
   50.59    4950.6    444.69
   51.51    4991.1    452.14
   51.71    5000.0    453.73
   52.32    5028.8    458.79
   53.07    5066.1    465.12
   53.55    5091.5    469.34
   53.71    5100.0    470.73
   53.79    5104.1    471.40
   53.91    5110.3    472.41
   53.96    5113.5    472.91
   53.99    5115.0    473.17
   54.02    5116.6    473.42
   54.56    5146.9    478.25
   55.08    5176.9    482.94
   55.46    5200.0    486.49
   55.79    5220.2    489.56
   56.10    5240.3    492.58
   56.56    5270.3    497.01
   57.00    5300.0    501.35
   57.35    5324.1    504.83
   57.52    5336.1    506.54
   57.69    5348.1    508.24
   57.86    5361.1    510.09
   58.04    5374.1    511.92
   58.21    5387.1    513.74
   58.38    5400.0    515.54
   58.51    5409.5    516.86
   58.57    5414.2    517.51
   58.63    5418.9    518.16
   58.69    5423.6    518.81
   58.75    5428.3    519.46
   58.81    5433.0    520.11
   58.84    5435.3    520.43
   58.85    5436.5    520.59
   58.87    5437.6    520.75
   59.00    5447.9    522.16
   59.08    5454.7    523.09
   59.36    5477.4    526.18
   59.63    5500.0    529.24
   59.74    5509.5    530.52
   59.86    5519.0    531.79
   60.07    5537.9    534.32
   60.14    5544.0    535.13
   60.21    5550.0    535.94
   60.35    5562.1    537.55
   60.56    5581.1    540.06
   60.76    5600.0    542.55
   61.01    5623.1    545.57
   61.29    5650.0    549.09
   61.51    5672.2    551.98
   61.62    5683.3    553.40
   61.73    5694.2    554.82
   61.76    5697.6    555.26
   61.80    5701.0    555.69
   61.95    5718.5    557.97
   62.10    5736.0    560.24
   62.14    5740.7    560.84
   62.18    5745.3    561.44
   62.29    5758.2    563.11
   62.35    5764.6    563.94
   62.40    5771.0    564.76
   62.54    5787.7    566.92
   62.68    5804.2    569.05
   62.74    5812.3    570.10
   62.81    5820.4    571.15
   62.81    5821.0    571.22
   62.92    5834.8    573.01
   63.02    5848.3    574.77
   63.07    5855.1    575.64
   63.12    5861.7    576.50
   63.19    5871.0    577.71
   63.34    5891.1    580.33
   63.45    5906.2    582.30
   63.55    5921.0    584.24
   63.59    5926.9    585.01
   63.63    5932.7    585.78
   63.65    5935.6    586.15
   63.77    5953.5    588.51
   63.83    5962.3    589.67
   63.89    5971.0    590.82
   63.97    5984.5    592.63
   64.08    6001.4    594.92
   64.17    6016.0    596.87
   64.30    6037.7    599.80
   64.43    6059.2    602.69
   64.43    6060.1    602.82
   64.44    6061.0    602.94
   64.55    6080.5    605.57
   64.62    6093.3    607.30
   64.70    6106.0    609.03
   64.73    6111.6    609.78
   64.76    6117.1    610.53
   64.82    6128.2    612.03
   64.84    6130.6    612.37
   64.85    6133.1    612.70
   64.90    6142.1    613.92
   64.93    6146.5    614.53
   64.94    6148.8    614.83
   64.95    6151.0    615.13
   65.04    6168.5    617.62
   65.13    6186.0    620.11
   65.21    6203.5    622.59
   65.30    6221.0    625.07
   65.39    6238.5    627.54
   65.43    6247.2    628.78
   65.48    6256.0    630.01
   65.51    6263.3    631.03
   65.51    6264.0    631.14
   65.58    6277.5    633.04
   65.65    6291.0    634.94
   65.70    6301.0    636.34
   65.74    6311.0    637.74
   65.77    6316.0    638.44
   65.79    6321.0    639.14
   65.82    6326.0    639.84
   65.84    6331.0    640.54
   65.86    6334.9    641.09
   65.88    6338.8    641.63
   65.90    6342.7    642.18
   65.91    6344.6    642.45
   65.92    6346.6    642.72
   65.92    6346.9    642.77
   65.93    6351.4    643.50
   65.94    6353.7    643.86
   65.95    6354.9    644.04
   65.95    6356.0    644.23
   65.98    6363.5    645.60
   65.99    6367.3    646.29
   65.99    6369.1    646.63
   66.00    6370.1    646.80
   66.00    6371.0    646.97
