    0.00    6371.0      0.00
    0.00    6370.1      0.18
    0.01    6369.1      0.35
    0.01    6367.3      0.70
    0.03    6363.5      1.40
    0.06    6356.0      2.81
    0.06    6354.9      3.00
    0.07    6353.7      3.18
    0.08    6351.4      3.56
    0.10    6346.9      4.31
    0.10    6346.6      4.36
    0.11    6344.6      4.65
    0.12    6342.7      4.93
    0.15    6338.8      5.51
    0.17    6334.9      6.08
    0.19    6331.0      6.66
    0.22    6326.0      7.39
    0.25    6321.0      8.13
    0.28    6316.0      8.87
    0.31    6311.0      9.60
    0.37    6301.0     11.08
    0.43    6291.0     12.56
    0.51    6277.5     14.56
    0.59    6264.0     16.56
    0.59    6263.3     16.67
    0.64    6256.0     17.75
    0.69    6247.2     19.05
    0.74    6238.5     20.35
    0.85    6221.0     22.96
    0.96    6203.5     25.57
    1.06    6186.0     28.19
    1.17    6168.5     30.81
    1.28    6151.0     33.44
    1.29    6148.8     33.76
    1.31    6146.5     34.08
    1.34    6142.1     34.73
    1.40    6133.1     36.03
    1.42    6130.6     36.39
    1.44    6128.2     36.75
    1.52    6117.1     38.35
    1.55    6111.6     39.16
    1.59    6106.0     39.97
    1.68    6093.3     41.81
    1.78    6080.5     43.67
    1.92    6061.0     46.49
    1.93    6060.1     46.63
    1.93    6059.2     46.76
    2.09    6037.7     49.88
    2.26    6016.0     53.03
    2.37    6001.4     55.14
    2.50    5984.5     57.61
    2.61    5971.0     59.57
    2.68    5962.3     60.83
    2.75    5953.5     62.10
    2.91    5935.6     64.68
    2.93    5932.7     65.10
    2.98    5926.9     65.94
    3.03    5921.0     66.79
    3.17    5906.2     68.93
    3.30    5891.1     71.11
    3.49    5871.0     74.03
    3.58    5861.7     75.38
    3.65    5855.1     76.35
    3.72    5848.3     77.33
    3.85    5834.8     79.31
    3.99    5821.0     81.33
    4.00    5820.4     81.42
    4.08    5812.3     82.60
    4.17    5804.2     83.80
    4.35    5787.7     86.23
    4.53    5771.0     88.71
    4.61    5764.6     89.67
    4.68    5758.2     90.62
    4.83    5745.3     92.55
    4.88    5740.7     93.25
    4.93    5736.0     93.95
    5.14    5718.5     96.58
    5.35    5701.0     99.24
    5.39    5697.6     99.77
    5.44    5694.2    100.31
    5.59    5683.3    102.03
    5.75    5672.2    103.78
    6.07    5650.0    107.34
    6.47    5623.1    111.73
    6.84    5600.0    115.56
    7.14    5581.1    118.75
    7.46    5562.1    122.00
    7.66    5550.0    124.09
    7.77    5544.0    125.15
    7.87    5537.9    126.21
    8.21    5519.0    129.56
    8.38    5509.5    131.26
    8.55    5500.0    132.98
    8.98    5477.4    137.11
    9.42    5454.7    141.37
    9.56    5447.9    142.66
    9.77    5437.6    144.64
    9.79    5436.5    144.86
    9.82    5435.3    145.09
    9.87    5433.0    145.54
    9.96    5428.3    146.46
   10.06    5423.6    147.38
   10.16    5418.9    148.30
   10.26    5414.2    149.23
   10.37    5409.5    150.17
   10.57    5400.0    152.07
   10.86    5387.1    154.70
   11.16    5374.1    157.39
   11.46    5361.1    160.14
   11.78    5348.1    162.95
   12.08    5336.1    165.58
   12.39    5324.1    168.27
   13.03    5300.0    173.86
   13.89    5270.3    181.13
   14.83    5240.3    188.98
   15.52    5220.2    194.64
   16.27    5200.0    200.72
   17.22    5176.9    208.27
   17.93    5161.9    213.89
   18.65    5146.9    219.51
   19.57    5131.7    226.60
   20.49    5116.6    233.68
   20.60    5115.0    234.54
   20.72    5113.5    235.41
   20.96    5110.3    237.22
   21.47    5104.1    241.12
   21.85    5100.0    243.98
   22.77    5091.5    250.88
   23.58    5088.3    256.91
   24.38    5085.0    262.94
   25.19    5081.8    268.96
   26.00    5078.5    274.99
   26.81    5081.8    281.02
   27.62    5085.0    287.05
   28.42    5088.3    293.07
   29.23    5091.5    299.10
   30.15    5100.0    306.00
   30.53    5104.1    308.86
   31.04    5110.3    312.76
   31.28    5113.5    314.57
   31.40    5115.0    315.45
   31.51    5116.6    316.30
   32.43    5131.7    323.38
   33.35    5146.9    330.47
   34.07    5161.9    336.09
   34.78    5176.9    341.71
   35.73    5200.0    349.26
   36.48    5220.2    355.34
   37.17    5240.3    361.00
   38.11    5270.3    368.86
   38.97    5300.0    376.12
   39.61    5324.1    381.71
   39.92    5336.1    384.40
   40.22    5348.1    387.03
   40.54    5361.1    389.84
   40.84    5374.1    392.59
   41.14    5387.1    395.28
   41.43    5400.0    397.91
   41.63    5409.5    399.81
   41.74    5414.2    400.75
   41.84    5418.9    401.68
   41.94    5423.6    402.61
   42.04    5428.3    403.52
   42.13    5433.0    404.44
   42.18    5435.3    404.89
   42.21    5436.5    405.12
   42.23    5437.6    405.34
   42.44    5447.9    407.32
   42.58    5454.7    408.61
   43.02    5477.4    412.87
   43.45    5500.0    417.01
   43.62    5509.5    418.72
   43.79    5519.0    420.42
   44.13    5537.9    423.77
   44.23    5544.0    424.83
   44.34    5550.0    425.89
   44.54    5562.1    427.98
   44.86    5581.1    431.23
   45.16    5600.0    434.42
   45.53    5623.1    438.25
   45.93    5650.0    442.64
   46.25    5672.2    446.20
   46.41    5683.3    447.95
   46.56    5694.2    449.67
   46.61    5697.6    450.21
   46.65    5701.0    450.74
   46.86    5718.5    453.40
   47.07    5736.0    456.03
   47.12    5740.7    456.73
   47.17    5745.3    457.43
   47.32    5758.2    459.36
   47.39    5764.6    460.31
   47.47    5771.0    461.27
   47.65    5787.7    463.75
   47.83    5804.2    466.19
   47.92    5812.3    467.38
   48.00    5820.4    468.56
   48.01    5821.0    468.65
   48.15    5834.8    470.67
   48.28    5848.3    472.65
   48.35    5855.1    473.63
   48.42    5861.7    474.60
   48.51    5871.0    475.95
   48.70    5891.1    478.87
   48.83    5906.2    481.05
   48.97    5921.0    483.19
   49.02    5926.9    484.04
   49.07    5932.7    484.88
   49.09    5935.6    485.30
   49.25    5953.5    487.88
   49.32    5962.3    489.15
   49.39    5971.0    490.41
   49.50    5984.5    492.37
   49.63    6001.4    494.84
   49.74    6016.0    496.95
   49.91    6037.7    500.10
   50.07    6059.2    503.22
   50.07    6060.1    503.35
   50.08    6061.0    503.49
   50.22    6080.5    506.31
   50.32    6093.3    508.17
   50.41    6106.0    510.02
   50.45    6111.6    510.82
   50.48    6117.1    511.63
   50.56    6128.2    513.23
   50.58    6130.6    513.59
   50.60    6133.1    513.95
   50.66    6142.1    515.25
   50.69    6146.5    515.90
   50.71    6148.8    516.22
   50.72    6151.0    516.54
   50.83    6168.5    519.17
   50.94    6186.0    521.79
   51.04    6203.5    524.41
   51.15    6221.0    527.02
   51.26    6238.5    529.63
   51.31    6247.2    530.93
   51.36    6256.0    532.23
   51.41    6263.3    533.31
   51.41    6264.0    533.42
   51.49    6277.5    535.42
   51.57    6291.0    537.42
   51.63    6301.0    538.90
   51.69    6311.0    540.38
   51.72    6316.0    541.11
   51.75    6321.0    541.85
   51.78    6326.0    542.59
   51.81    6331.0    543.32
   51.83    6334.9    543.90
   51.85    6338.8    544.47
   51.88    6342.7    545.05
   51.89    6344.6    545.33
   51.90    6346.6    545.62
   51.90    6346.9    545.67
   51.92    6351.4    546.42
   51.93    6353.7    546.80
   51.94    6354.9    546.99
   51.94    6356.0    547.17
   51.97    6363.5    548.58
   51.99    6367.3    549.28
   51.99    6369.1    549.63
   52.00    6370.1    549.81
   52.00    6371.0    549.98
