    0.00    6371.0      0.00
    0.00    6370.1      0.18
    0.01    6369.1      0.35
    0.01    6367.3      0.70
    0.03    6363.5      1.40
    0.06    6356.0      2.80
    0.06    6354.9      2.99
    0.07    6353.7      3.18
    0.08    6351.4      3.55
    0.10    6346.9      4.30
    0.10    6346.6      4.35
    0.11    6344.6      4.64
    0.12    6342.7      4.92
    0.14    6338.8      5.49
    0.17    6334.9      6.07
    0.19    6331.0      6.64
    0.22    6326.0      7.37
    0.25    6321.0      8.11
    0.28    6316.0      8.84
    0.31    6311.0      9.57
    0.36    6301.0     11.05
    0.42    6291.0     12.52
    0.50    6277.5     14.51
    0.58    6264.0     16.50
    0.59    6263.3     16.61
    0.63    6256.0     17.68
    0.68    6247.2     18.98
    0.73    6238.5     20.28
    0.84    6221.0     22.87
    0.94    6203.5     25.47
    1.05    6186.0     28.08
    1.16    6168.5     30.69
    1.26    6151.0     33.30
    1.28    6148.8     33.63
    1.29    6146.5     33.95
    1.32    6142.1     34.59
    1.38    6133.1     35.89
    1.40    6130.6     36.24
    1.42    6128.2     36.60
    1.49    6117.1     38.19
    1.53    6111.6     39.00
    1.57    6106.0     39.80
    1.66    6093.3     41.64
    1.75    6080.5     43.48
    1.89    6061.0     46.29
    1.90    6060.1     46.42
    1.90    6059.2     46.55
    2.06    6037.7     49.65
    2.22    6016.0     52.78
    2.33    6001.4     54.88
    2.46    5984.5     57.33
    2.57    5971.0     59.28
    2.64    5962.3     60.53
    2.71    5953.5     61.80
    2.86    5935.6     64.36
    2.89    5932.7     64.77
    2.94    5926.9     65.61
    2.99    5921.0     66.45
    3.12    5906.2     68.57
    3.25    5891.1     70.73
    3.44    5871.0     73.63
    3.53    5861.7     74.96
    3.59    5855.1     75.92
    3.66    5848.3     76.89
    3.79    5834.8     78.85
    3.93    5821.0     80.85
    3.93    5820.4     80.94
    4.02    5812.3     82.11
    4.10    5804.2     83.29
    4.27    5787.7     85.69
    4.46    5771.0     88.15
    4.53    5764.6     89.09
    4.60    5758.2     90.04
    4.74    5745.3     91.94
    4.80    5740.7     92.63
    4.85    5736.0     93.32
    5.05    5718.5     95.92
    5.25    5701.0     98.54
    5.30    5697.6     99.06
    5.34    5694.2     99.58
    5.49    5683.3    101.28
    5.64    5672.2    102.99
    5.95    5650.0    106.49
    6.35    5623.1    110.79
    6.70    5600.0    114.53
    6.99    5581.1    117.64
    7.30    5562.1    120.81
    7.50    5550.0    122.85
    7.60    5544.0    123.88
    7.70    5537.9    124.92
    8.02    5519.0    128.17
    8.19    5509.5    129.82
    8.35    5500.0    131.49
    8.76    5477.4    135.50
    9.19    5454.7    139.61
    9.32    5447.9    140.86
    9.52    5437.6    142.77
    9.54    5436.5    142.99
    9.56    5435.3    143.20
    9.61    5433.0    143.64
    9.70    5428.3    144.52
    9.80    5423.6    145.41
    9.89    5418.9    146.30
    9.99    5414.2    147.20
   10.09    5409.5    148.10
   10.28    5400.0    149.92
   10.56    5387.1    152.45
   10.84    5374.1    155.02
   11.13    5361.1    157.65
   11.43    5348.1    160.33
   11.71    5336.1    162.83
   12.00    5324.1    165.38
   12.60    5300.0    170.65
   13.39    5270.3    177.46
   14.26    5240.3    184.74
   14.88    5220.2    189.92
   15.56    5200.0    195.42
   16.39    5176.9    202.11
   16.99    5161.9    206.92
   17.60    5146.9    211.73
   18.32    5131.7    217.35
   19.05    5116.6    222.96
   19.13    5115.0    223.60
   19.21    5113.5    224.24
   19.38    5110.3    225.54
   19.74    5104.1    228.25
   19.98    5100.0    230.13
   20.52    5091.5    234.23
   21.21    5083.0    239.40
   21.90    5074.5    244.56
   22.58    5066.1    249.73
   23.56    5061.3    256.97
   24.54    5056.6    264.21
   25.52    5051.8    271.45
   26.50    5047.1    278.69
   27.48    5051.8    285.93
   28.46    5056.6    293.17
   29.44    5061.3    300.42
   30.42    5066.1    307.66
   31.10    5074.5    312.82
   31.79    5083.0    317.99
   32.48    5091.5    323.15
   33.02    5100.0    327.25
   33.26    5104.1    329.13
   33.62    5110.3    331.84
   33.79    5113.5    333.15
   33.87    5115.0    333.79
   33.95    5116.6    334.42
   34.68    5131.7    340.04
   35.40    5146.9    345.65
   36.01    5161.9    350.46
   36.61    5176.9    355.28
   37.44    5200.0    361.97
   38.12    5220.2    367.46
   38.74    5240.3    372.64
   39.61    5270.3    379.92
   40.40    5300.0    386.73
   41.00    5324.1    392.01
   41.29    5336.1    394.56
   41.57    5348.1    397.06
   41.87    5361.1    399.74
   42.16    5374.1    402.36
   42.44    5387.1    404.94
   42.72    5400.0    407.46
   42.91    5409.5    409.29
   43.01    5414.2    410.19
   43.11    5418.9    411.09
   43.20    5423.6    411.98
   43.30    5428.3    412.86
   43.39    5433.0    413.74
   43.44    5435.3    414.18
   43.46    5436.5    414.40
   43.48    5437.6    414.62
   43.68    5447.9    416.52
   43.81    5454.7    417.77
   44.24    5477.4    421.89
   44.65    5500.0    425.90
   44.81    5509.5    427.57
   44.98    5519.0    429.22
   45.30    5537.9    432.47
   45.40    5544.0    433.51
   45.50    5550.0    434.54
   45.70    5562.1    436.58
   46.01    5581.1    439.74
   46.30    5600.0    442.85
   46.65    5623.1    446.60
   47.05    5650.0    450.90
   47.36    5672.2    454.39
   47.51    5683.3    456.11
   47.66    5694.2    457.80
   47.70    5697.6    458.32
   47.75    5701.0    458.84
   47.95    5718.5    461.47
   48.15    5736.0    464.06
   48.20    5740.7    464.76
   48.26    5745.3    465.45
   48.40    5758.2    467.35
   48.47    5764.6    468.29
   48.54    5771.0    469.24
   48.73    5787.7    471.69
   48.90    5804.2    474.09
   48.98    5812.3    475.28
   49.07    5820.4    476.45
   49.07    5821.0    476.54
   49.21    5834.8    478.53
   49.34    5848.3    480.49
   49.41    5855.1    481.46
   49.47    5861.7    482.42
   49.56    5871.0    483.76
   49.75    5891.1    486.65
   49.88    5906.2    488.81
   50.01    5921.0    490.94
   50.06    5926.9    491.78
   50.11    5932.7    492.62
   50.14    5935.6    493.03
   50.29    5953.5    495.59
   50.36    5962.3    496.85
   50.43    5971.0    498.10
   50.54    5984.5    500.05
   50.67    6001.4    502.50
   50.78    6016.0    504.60
   50.94    6037.7    507.73
   51.10    6059.2    510.83
   51.10    6060.1    510.96
   51.11    6061.0    511.10
   51.25    6080.5    513.90
   51.34    6093.3    515.75
   51.43    6106.0    517.59
   51.47    6111.6    518.39
   51.51    6117.1    519.19
   51.58    6128.2    520.79
   51.60    6130.6    521.14
   51.62    6133.1    521.50
   51.68    6142.1    522.79
   51.71    6146.5    523.44
   51.72    6148.8    523.76
   51.74    6151.0    524.08
   51.84    6168.5    526.69
   51.95    6186.0    529.31
   52.06    6203.5    531.91
   52.16    6221.0    534.51
   52.27    6238.5    537.11
   52.32    6247.2    538.40
   52.37    6256.0    539.70
   52.41    6263.3    540.77
   52.42    6264.0    540.89
   52.50    6277.5    542.88
   52.58    6291.0    544.87
   52.64    6301.0    546.34
   52.69    6311.0    547.81
   52.72    6316.0    548.54
   52.75    6321.0    549.28
   52.78    6326.0    550.01
   52.81    6331.0    550.75
   52.83    6334.9    551.32
   52.86    6338.8    551.89
   52.88    6342.7    552.46
   52.89    6344.6    552.75
   52.90    6346.6    553.03
   52.90    6346.9    553.08
   52.92    6351.4    553.83
   52.93    6353.7    554.21
   52.94    6354.9    554.39
   52.94    6356.0    554.58
   52.97    6363.5    555.98
   52.99    6367.3    556.68
   52.99    6369.1    557.03
   53.00    6370.1    557.21
   53.00    6371.0    557.38
