    0.00    6371.0      0.00
    0.00    6370.1      0.17
    0.01    6369.1      0.35
    0.01    6367.3      0.69
    0.03    6363.5      1.39
    0.05    6356.0      2.77
    0.06    6354.9      2.96
    0.06    6353.7      3.14
    0.07    6351.4      3.51
    0.09    6346.9      4.26
    0.09    6346.6      4.30
    0.10    6344.6      4.58
    0.11    6342.7      4.86
    0.13    6338.8      5.42
    0.15    6334.9      5.98
    0.18    6331.0      6.54
    0.20    6326.0      7.25
    0.23    6321.0      7.97
    0.26    6316.0      8.69
    0.28    6311.0      9.40
    0.34    6301.0     10.84
    0.39    6291.0     12.28
    0.46    6277.5     14.22
    0.54    6264.0     16.17
    0.54    6263.3     16.28
    0.58    6256.0     17.32
    0.63    6247.2     18.59
    0.68    6238.5     19.86
    0.77    6221.0     22.39
    0.87    6203.5     24.93
    0.96    6186.0     27.47
    1.06    6168.5     30.03
    1.16    6151.0     32.58
    1.17    6148.8     32.89
    1.19    6146.5     33.20
    1.22    6142.1     33.83
    1.27    6133.1     35.08
    1.29    6130.6     35.43
    1.30    6128.2     35.77
    1.37    6117.1     37.32
    1.41    6111.6     38.10
    1.44    6106.0     38.88
    1.52    6093.3     40.66
    1.61    6080.5     42.45
    1.73    6061.0     45.16
    1.74    6060.1     45.29
    1.75    6059.2     45.42
    1.89    6037.7     48.42
    2.04    6016.0     51.44
    2.14    6001.4     53.47
    2.25    5984.5     55.84
    2.35    5971.0     57.71
    2.41    5962.3     58.92
    2.48    5953.5     60.13
    2.61    5935.6     62.58
    2.64    5932.7     62.98
    2.68    5926.9     63.78
    2.73    5921.0     64.58
    2.84    5906.2     66.61
    2.97    5891.1     68.67
    3.13    5871.0     71.43
    3.21    5861.7     72.70
    3.27    5855.1     73.61
    3.33    5848.3     74.53
    3.44    5834.8     76.38
    3.57    5821.0     78.27
    3.57    5820.4     78.35
    3.65    5812.3     79.45
    3.72    5804.2     80.57
    3.87    5787.7     82.83
    4.03    5771.0     85.13
    4.10    5764.6     86.01
    4.16    5758.2     86.89
    4.29    5745.3     88.67
    4.33    5740.7     89.31
    4.38    5736.0     89.96
    4.55    5718.5     92.38
    4.73    5701.0     94.82
    4.77    5697.6     95.29
    4.81    5694.2     95.77
    4.94    5683.3     97.31
    5.07    5672.2     98.87
    5.33    5650.0    102.03
    5.66    5623.1    105.90
    5.96    5600.0    109.24
    6.20    5581.1    112.00
    6.46    5562.1    114.80
    6.62    5550.0    116.59
    6.70    5544.0    117.50
    6.79    5537.9    118.40
    7.05    5519.0    121.24
    7.19    5509.5    122.68
    7.32    5500.0    124.12
    7.66    5477.4    127.58
    8.00    5454.7    131.10
    8.10    5447.9    132.16
    8.26    5437.6    133.77
    8.28    5436.5    133.95
    8.30    5435.3    134.14
    8.33    5433.0    134.51
    8.41    5428.3    135.25
    8.48    5423.6    135.99
    8.56    5418.9    136.74
    8.63    5414.2    137.49
    8.71    5409.5    138.24
    8.86    5400.0    139.76
    9.08    5387.1    141.85
    9.29    5374.1    143.96
    9.52    5361.1    146.11
    9.74    5348.1    148.28
    9.95    5336.1    150.28
   10.17    5324.1    152.31
   10.62    5300.0    156.45
   11.19    5270.3    161.67
   11.79    5240.3    167.08
   12.22    5220.2    170.81
   12.66    5200.0    174.64
   13.18    5176.9    179.12
   13.90    5146.9    185.17
   14.67    5116.6    191.54
   14.71    5115.0    191.87
   14.75    5113.5    192.21
   14.83    5110.3    192.88
   15.00    5104.1    194.24
   15.11    5100.0    195.15
   15.35    5091.5    197.04
   16.08    5066.1    202.90
   16.66    5047.4    207.49
   17.25    5028.8    212.07
   17.75    5014.4    215.93
   18.26    5000.0    219.79
   18.59    4991.1    222.30
   19.43    4970.8    228.60
   20.28    4950.6    234.90
   21.27    4930.1    242.19
   21.85    4919.9    246.36
   22.43    4909.6    250.53
   23.04    4900.0    254.93
   23.80    4890.8    260.30
   24.56    4881.5    265.68
   25.32    4872.3    271.05
   26.14    4867.5    276.76
   26.96    4862.8    282.46
   27.78    4858.1    288.17
   28.60    4853.4    293.88
   29.50    4852.5    300.13
   30.40    4853.4    306.39
   31.22    4858.1    312.09
   32.04    4862.8    317.80
   32.86    4867.5    323.50
   33.68    4872.3    329.21
   34.44    4881.5    334.59
   35.20    4890.8    339.96
   35.96    4900.0    345.34
   36.57    4909.6    349.73
   37.15    4919.9    353.90
   37.73    4930.1    358.07
   38.72    4950.6    365.36
   39.57    4970.8    371.66
   40.41    4991.1    377.96
   40.74    5000.0    380.47
   41.25    5014.4    384.33
   41.75    5028.8    388.19
   42.34    5047.4    392.78
   42.92    5066.1    397.36
   43.65    5091.5    403.22
   43.89    5100.0    405.11
   44.00    5104.1    406.02
   44.17    5110.3    407.38
   44.25    5113.5    408.05
   44.29    5115.0    408.39
   44.33    5116.6    408.72
   45.10    5146.9    415.09
   45.82    5176.9    421.14
   46.34    5200.0    425.62
   46.78    5220.2    429.45
   47.21    5240.3    433.18
   47.81    5270.3    438.59
   48.38    5300.0    443.81
   48.83    5324.1    447.95
   49.05    5336.1    449.98
   49.26    5348.1    451.99
   49.48    5361.1    454.16
   49.71    5374.1    456.30
   49.92    5387.1    458.41
   50.14    5400.0    460.50
   50.29    5409.5    462.02
   50.37    5414.2    462.77
   50.44    5418.9    463.52
   50.52    5423.6    464.27
   50.59    5428.3    465.02
   50.67    5433.0    465.76
   50.70    5435.3    466.13
   50.72    5436.5    466.31
   50.74    5437.6    466.49
   50.90    5447.9    468.11
   51.00    5454.7    469.17
   51.34    5477.4    472.69
   51.68    5500.0    476.14
   51.81    5509.5    477.59
   51.95    5519.0    479.02
   52.21    5537.9    481.86
   52.30    5544.0    482.77
   52.38    5550.0    483.67
   52.54    5562.1    485.47
   52.80    5581.1    488.26
   53.04    5600.0    491.02
   53.34    5623.1    494.36
   53.67    5650.0    498.23
   53.93    5672.2    501.39
   54.06    5683.3    502.95
   54.19    5694.2    504.49
   54.23    5697.6    504.97
   54.27    5701.0    505.44
   54.45    5718.5    507.88
   54.62    5736.0    510.30
   54.67    5740.7    510.95
   54.71    5745.3    511.59
   54.84    5758.2    513.37
   54.90    5764.6    514.25
   54.97    5771.0    515.13
   55.13    5787.7    517.44
   55.28    5804.2    519.69
   55.35    5812.3    520.81
   55.43    5820.4    521.91
   55.43    5821.0    522.00
   55.56    5834.8    523.88
   55.67    5848.3    525.74
   55.73    5855.1    526.65
   55.79    5861.7    527.57
   55.87    5871.0    528.84
   56.03    5891.1    531.59
   56.16    5906.2    533.65
   56.27    5921.0    535.68
   56.32    5926.9    536.48
   56.36    5932.7    537.29
   56.39    5935.6    537.68
   56.52    5953.5    540.14
   56.59    5962.3    541.35
   56.65    5971.0    542.55
   56.75    5984.5    544.43
   56.86    6001.4    546.79
   56.96    6016.0    548.82
   57.11    6037.7    551.85
   57.25    6059.2    554.84
   57.26    6060.1    554.97
   57.27    6061.0    555.10
   57.39    6080.5    557.82
   57.48    6093.3    559.61
   57.56    6106.0    561.39
   57.59    6111.6    562.16
   57.63    6117.1    562.94
   57.70    6128.2    564.49
   57.71    6130.6    564.83
   57.73    6133.1    565.18
   57.79    6142.1    566.44
   57.81    6146.5    567.06
   57.83    6148.8    567.37
   57.84    6151.0    567.69
   57.94    6168.5    570.24
   58.04    6186.0    572.79
   58.13    6203.5    575.33
   58.23    6221.0    577.87
   58.32    6238.5    580.40
   58.37    6247.2    581.67
   58.42    6256.0    582.94
   58.46    6263.3    583.99
   58.46    6264.0    584.10
   58.54    6277.5    586.04
   58.61    6291.0    587.98
   58.66    6301.0    589.42
   58.72    6311.0    590.86
   58.74    6316.0    591.58
   58.77    6321.0    592.29
   58.80    6326.0    593.01
   58.82    6331.0    593.73
   58.85    6334.9    594.29
   58.87    6338.8    594.84
   58.89    6342.7    595.40
   58.90    6344.6    595.68
   58.91    6346.6    595.96
   58.91    6346.9    596.01
   58.93    6351.4    596.75
   58.94    6353.7    597.12
   58.94    6354.9    597.30
   58.95    6356.0    597.49
   58.97    6363.5    598.88
   58.99    6367.3    599.57
   58.99    6369.1    599.92
   59.00    6370.1    600.09
   59.00    6371.0    600.26
