    0.00    6371.0      0.00
    0.00    6370.1      0.18
    0.01    6369.1      0.36
    0.02    6367.3      0.73
    0.03    6363.5      1.45
    0.07    6356.0      2.91
    0.08    6354.9      3.11
    0.08    6353.7      3.31
    0.10    6351.4      3.70
    0.12    6346.9      4.50
    0.12    6346.6      4.55
    0.14    6344.6      4.86
    0.15    6342.7      5.17
    0.18    6338.8      5.80
    0.21    6334.9      6.43
    0.24    6331.0      7.06
    0.28    6326.0      7.86
    0.32    6321.0      8.67
    0.36    6316.0      9.48
    0.39    6311.0     10.28
    0.47    6301.0     11.90
    0.55    6291.0     13.52
    0.65    6277.5     15.70
    0.75    6264.0     17.89
    0.76    6263.3     18.01
    0.82    6256.0     19.20
    0.88    6247.2     20.62
    0.95    6238.5     22.05
    1.09    6221.0     24.90
    1.23    6203.5     27.77
    1.37    6186.0     30.64
    1.50    6168.5     33.52
    1.64    6151.0     36.40
    1.66    6148.8     36.76
    1.68    6146.5     37.13
    1.73    6142.1     37.86
    1.81    6133.1     39.32
    1.83    6130.6     39.73
    1.85    6128.2     40.13
    1.96    6117.1     41.95
    2.01    6111.6     42.86
    2.06    6106.0     43.77
    2.18    6093.3     45.87
    2.31    6080.5     47.98
    2.50    6061.0     51.20
    2.51    6060.1     51.35
    2.52    6059.2     51.50
    2.73    6037.7     55.07
    2.95    6016.0     58.69
    3.10    6001.4     61.14
    3.28    5984.5     63.99
    3.43    5971.0     66.27
    3.53    5962.3     67.76
    3.63    5953.5     69.28
    3.85    5935.6     72.38
    3.89    5932.7     72.88
    3.96    5926.9     73.90
    4.03    5921.0     74.93
    4.22    5906.2     77.55
    4.43    5891.1     80.24
    4.71    5871.0     83.90
    4.84    5861.7     85.61
    4.94    5855.1     86.84
    5.04    5848.3     88.10
    5.24    5834.8     90.66
    5.46    5821.0     93.31
    5.47    5820.4     93.43
    5.60    5812.3     95.00
    5.74    5804.2     96.61
    6.03    5787.7     99.92
    6.33    5771.0    103.38
    6.45    5764.6    104.73
    6.57    5758.2    106.09
    6.82    5745.3    108.85
    6.91    5740.7    109.85
    7.00    5736.0    110.87
    7.36    5718.5    114.71
    7.72    5701.0    118.66
    7.82    5697.6    119.64
    7.93    5694.2    120.64
    8.27    5683.3    123.95
    8.63    5672.2    127.45
    9.45    5650.0    135.18
   10.06    5636.5    140.77
   10.67    5623.1    146.37
   11.39    5611.5    152.86
   12.11    5600.0    159.35
   12.79    5593.7    165.31
   13.46    5587.4    171.26
   14.13    5581.1    177.21
   15.07    5578.3    185.40
   16.00    5575.5    193.58
   16.93    5578.3    201.77
   17.87    5581.1    209.96
   18.54    5587.4    215.91
   19.21    5593.7    221.86
   19.89    5600.0    227.81
   20.61    5611.5    234.31
   21.33    5623.1    240.80
   21.94    5636.5    246.40
   22.55    5650.0    251.99
   23.37    5672.2    259.71
   23.73    5683.3    263.21
   24.07    5694.2    266.53
   24.18    5697.6    267.52
   24.28    5701.0    268.51
   24.64    5718.5    272.45
   25.00    5736.0    276.30
   25.09    5740.7    277.31
   25.18    5745.3    278.32
   25.43    5758.2    281.08
   25.55    5764.6    282.44
   25.67    5771.0    283.79
   25.98    5787.7    287.25
   26.26    5804.2    290.56
   26.40    5812.3    292.17
   26.53    5820.4    293.74
   26.54    5821.0    293.86
   26.76    5834.8    296.50
   26.96    5848.3    299.07
   27.06    5855.1    300.32
   27.16    5861.7    301.56
   27.29    5871.0    303.27
   27.57    5891.1    306.93
   27.78    5906.2    309.62
   27.97    5921.0    312.24
   28.04    5926.9    313.27
   28.11    5932.7    314.29
   28.15    5935.6    314.79
   28.37    5953.5    317.89
   28.47    5962.3    319.40
   28.57    5971.0    320.90
   28.72    5984.5    323.18
   28.90    6001.4    326.03
   29.05    6016.0    328.47
   29.27    6037.7    332.10
   29.48    6059.2    335.67
   29.49    6060.1    335.82
   29.50    6061.0    335.97
   29.69    6080.5    339.19
   29.82    6093.3    341.30
   29.94    6106.0    343.40
   29.99    6111.6    344.31
   30.04    6117.1    345.22
   30.15    6128.2    347.04
   30.17    6130.6    347.44
   30.19    6133.1    347.85
   30.27    6142.1    349.31
   30.32    6146.5    350.04
   30.34    6148.8    350.40
   30.36    6151.0    350.77
   30.50    6168.5    353.65
   30.63    6186.0    356.53
   30.77    6203.5    359.40
   30.91    6221.0    362.27
   31.05    6238.5    365.12
   31.12    6247.2    366.55
   31.18    6256.0    367.97
   31.24    6263.3    369.15
   31.25    6264.0    369.28
   31.35    6277.5    371.46
   31.45    6291.0    373.65
   31.53    6301.0    375.27
   31.61    6311.0    376.89
   31.64    6316.0    377.69
   31.68    6321.0    378.50
   31.72    6326.0    379.31
   31.76    6331.0    380.11
   31.79    6334.9    380.74
   31.82    6338.8    381.37
   31.85    6342.7    381.99
   31.86    6344.6    382.31
   31.88    6346.6    382.62
   31.88    6346.9    382.67
   31.90    6351.4    383.47
   31.92    6353.7    383.86
   31.92    6354.9    384.06
   31.93    6356.0    384.26
   31.97    6363.5    385.71
   31.98    6367.3    386.44
   31.99    6369.1    386.80
   32.00    6370.1    386.99
   32.00    6371.0    387.17
