    0.00    6370.1      0.17
    0.00    6369.1      0.34
    0.01    6367.3      0.67
    0.02    6363.5      1.35
    0.04    6356.0      2.70
    0.04    6354.9      2.87
    0.05    6353.7      3.05
    0.05    6351.4      3.41
    0.07    6346.9      4.12
    0.07    6346.6      4.16
    0.08    6344.6      4.42
    0.08    6342.7      4.68
    0.10    6338.8      5.21
    0.11    6334.9      5.73
    0.13    6331.0      6.25
    0.15    6326.0      6.93
    0.17    6321.0      7.60
    0.19    6316.0      8.27
    0.21    6311.0      8.94
    0.25    6301.0     10.29
    0.29    6291.0     11.64
    0.34    6277.5     13.46
    0.39    6264.0     15.28
    0.40    6263.3     15.38
    0.42    6256.0     16.37
    0.46    6247.2     17.55
    0.49    6238.5     18.74
    0.56    6221.0     21.11
    0.63    6203.5     23.49
    0.70    6186.0     25.87
    0.78    6168.5     28.26
    0.85    6151.0     30.64
    0.86    6148.8     30.93
    0.87    6146.5     31.22
    0.89    6142.1     31.80
    0.93    6133.1     32.95
    0.94    6130.6     33.27
    0.95    6128.2     33.59
    1.00    6117.1     35.02
    1.02    6111.6     35.73
    1.05    6106.0     36.45
    1.11    6093.3     38.08
    1.17    6080.5     39.73
    1.26    6061.0     42.22
    1.26    6060.1     42.33
    1.27    6059.2     42.45
    1.37    6037.7     45.19
    1.47    6016.0     47.96
    1.54    6001.4     49.80
    1.63    5984.5     51.96
    1.69    5971.0     53.66
    1.74    5962.3     54.74
    1.78    5953.5     55.83
    1.88    5935.6     58.04
    1.89    5932.7     58.39
    1.93    5926.9     59.10
    1.96    5921.0     59.82
    2.04    5906.2     61.62
    2.12    5891.1     63.45
    2.24    5871.0     65.88
    2.29    5861.7     66.99
    2.33    5855.1     67.79
    2.37    5848.3     68.60
    2.45    5834.8     70.22
    2.53    5821.0     71.85
    2.54    5820.4     71.93
    2.58    5812.3     72.88
    2.63    5804.2     73.84
    2.74    5787.7     75.78
    2.84    5771.0     77.75
    2.89    5764.6     78.50
    2.93    5758.2     79.25
    3.01    5745.3     80.76
    3.04    5740.7     81.31
    3.07    5736.0     81.85
    3.19    5718.5     83.90
    3.30    5701.0     85.96
    3.33    5697.6     86.34
    3.35    5694.2     86.73
    3.43    5683.3     87.99
    3.51    5672.2     89.24
    3.68    5650.0     91.79
    3.89    5623.1     94.86
    4.06    5600.0     97.49
    4.21    5581.1     99.64
    4.37    5562.1    101.81
    4.47    5550.0    103.19
    4.52    5544.0    103.89
    4.57    5537.9    104.58
    4.72    5519.0    106.75
    4.80    5509.5    107.83
    4.88    5500.0    108.92
    5.07    5477.4    111.51
    5.27    5454.7    114.12
    5.33    5447.9    114.91
    5.42    5437.6    116.09
    5.43    5436.5    116.22
    5.44    5435.3    116.36
    5.46    5433.0    116.63
    5.51    5428.3    117.17
    5.55    5423.6    117.71
    5.59    5418.9    118.25
    5.63    5414.2    118.80
    5.68    5409.5    119.34
    5.76    5400.0    120.43
    5.88    5387.1    121.93
    6.00    5374.1    123.43
    6.12    5361.1    124.94
    6.25    5348.1    126.46
    6.36    5336.1    127.85
    6.48    5324.1    129.25
    6.71    5300.0    132.06
    7.01    5270.3    135.54
    7.32    5240.3    139.07
    7.53    5220.2    141.45
    7.74    5200.0    143.85
    7.99    5176.9    146.59
    8.32    5146.9    150.19
    8.66    5116.6    153.84
    8.68    5115.0    154.02
    8.70    5113.5    154.21
    8.74    5110.3    154.59
    8.81    5104.1    155.34
    8.86    5100.0    155.84
    8.95    5091.5    156.87
    9.26    5066.1    159.97
    9.71    5028.8    164.53
   10.07    5000.0    168.10
   10.18    4991.1    169.20
   10.71    4950.6    174.28
   10.99    4930.1    176.86
   11.27    4909.6    179.47
   11.40    4900.0    180.70
   11.79    4872.3    184.26
   12.07    4853.4    186.71
   12.35    4834.5    189.18
   12.87    4800.0    193.73
   12.95    4794.4    194.48
   13.27    4774.0    197.21
   13.60    4753.5    199.97
   14.22    4716.4    205.05
   14.50    4700.0    207.32
   14.86    4678.8    210.29
   15.55    4640.8    215.70
   15.91    4621.6    218.47
   16.28    4602.4    221.29
   16.32    4600.0    221.65
   17.05    4563.5    227.10
   17.45    4544.0    230.09
   17.87    4524.3    233.14
   18.41    4500.0    236.98
   18.75    4484.7    239.43
   19.70    4444.7    246.03
   19.82    4439.7    246.88
   20.33    4419.8    250.31
   20.83    4400.0    253.74
   21.40    4378.9    257.52
   21.60    4371.6    258.86
   22.12    4353.7    262.22
   22.64    4335.9    265.58
   23.20    4317.9    269.16
   23.76    4300.0    272.74
   24.44    4280.3    276.96
   25.12    4260.5    281.18
   25.90    4240.7    285.84
   26.67    4220.8    290.50
   27.11    4210.4    293.11
   27.56    4200.0    295.81
   28.40    4183.4    300.66
   29.24    4166.8    305.52
   30.08    4150.2    310.37
   30.97    4137.7    315.38
   31.87    4125.1    320.38
   32.76    4112.6    325.38
   33.66    4100.0    330.39
   34.19    4094.7    333.33
   34.73    4089.4    336.27
   35.26    4085.1    339.19
   35.80    4080.8    342.10
   36.53    4076.6    346.08
   37.26    4072.3    350.06
   38.17    4070.2    354.98
   39.09    4068.1    359.91
   40.00    4066.0    364.83
   40.91    4068.1    369.76
   41.83    4070.2    374.68
   42.74    4072.3    379.61
   43.47    4076.6    383.59
   44.20    4080.8    387.56
   44.74    4085.1    390.48
   45.27    4089.4    393.39
   45.81    4094.7    396.34
   46.34    4100.0    399.28
   47.24    4112.6    404.28
   48.13    4125.1    409.29
   49.03    4137.7    414.29
   49.92    4150.2    419.29
   50.76    4166.8    424.15
   51.60    4183.4    429.00
   52.44    4200.0    433.86
   52.89    4210.4    436.56
   53.33    4220.8    439.17
   54.10    4240.7    443.83
   54.88    4260.5    448.49
   55.56    4280.3    452.71
   56.24    4300.0    456.93
   56.80    4317.9    460.51
   57.36    4335.9    464.08
   57.88    4353.7    467.44
   58.40    4371.6    470.80
   58.60    4378.9    472.15
   59.17    4400.0    475.93
   59.67    4419.8    479.36
   60.18    4439.7    482.79
   60.30    4444.7    483.63
   61.25    4484.7    490.24
   61.59    4500.0    492.69
   62.13    4524.3    496.53
   62.55    4544.0    499.58
   62.95    4563.5    502.56
   63.68    4600.0    508.02
   63.72    4602.4    508.38
   64.09    4621.6    511.19
   64.45    4640.8    513.96
   65.14    4678.8    519.38
   65.50    4700.0    522.35
   65.78    4716.4    524.62
   66.40    4753.5    529.70
   66.73    4774.0    532.46
   67.05    4794.4    535.19
   67.13    4800.0    535.94
   67.65    4834.5    540.49
   67.93    4853.4    542.96
   68.21    4872.3    545.40
   68.60    4900.0    548.97
   68.73    4909.6    550.20
   69.01    4930.1    552.81
   69.29    4950.6    555.39
   69.82    4991.1    560.47
   69.93    5000.0    561.57
   70.29    5028.8    565.13
   70.74    5066.1    569.70
   71.05    5091.5    572.80
   71.14    5100.0    573.83
   71.19    5104.1    574.33
   71.26    5110.3    575.08
   71.30    5113.5    575.45
   71.32    5115.0    575.64
   71.34    5116.6    575.83
   71.68    5146.9    579.48
   72.01    5176.9    583.07
   72.26    5200.0    585.82
   72.47    5220.2    588.22
   72.68    5240.3    590.60
   72.99    5270.3    594.12
   73.29    5300.0    597.60
   73.52    5324.1    600.42
   73.64    5336.1    601.82
   73.75    5348.1    603.21
   73.88    5361.1    604.73
   74.00    5374.1    606.24
   74.12    5387.1    607.74
   74.24    5400.0    609.23
   74.32    5409.5    610.32
   74.37    5414.2    610.87
   74.41    5418.9    611.41
   74.45    5423.6    611.95
   74.49    5428.3    612.50
   74.54    5433.0    613.04
   74.56    5435.3    613.31
   74.57    5436.5    613.44
   74.58    5437.6    613.58
   74.67    5447.9    614.76
   74.73    5454.7    615.54
   74.93    5477.4    618.15
   75.12    5500.0    620.74
   75.20    5509.5    621.83
   75.28    5519.0    622.92
   75.43    5537.9    625.08
   75.48    5544.0    625.78
   75.53    5550.0    626.47
   75.63    5562.1    627.86
   75.79    5581.1    630.02
   75.94    5600.0    632.18
   76.11    5623.1    634.81
   76.32    5650.0    637.88
   76.49    5672.2    640.42
   76.57    5683.3    641.68
   76.65    5694.2    642.93
   76.67    5697.6    643.32
   76.70    5701.0    643.71
   76.81    5718.5    645.77
   76.93    5736.0    647.81
   76.96    5740.7    648.36
   76.99    5745.3    648.90
   77.07    5758.2    650.41
   77.11    5764.6    651.16
   77.16    5771.0    651.91
   77.26    5787.7    653.88
   77.37    5804.2    655.82
   77.42    5812.3    656.78
   77.46    5820.4    657.74
   77.47    5821.0    657.81
   77.55    5834.8    659.45
   77.63    5848.3    661.07
   77.67    5855.1    661.87
   77.71    5861.7    662.67
   77.76    5871.0    663.79
   77.88    5891.1    666.22
   77.96    5906.2    668.04
   78.04    5921.0    669.85
   78.07    5926.9    670.56
   78.11    5932.7    671.28
   78.12    5935.6    671.63
   78.22    5953.5    673.83
   78.26    5962.3    674.92
   78.31    5971.0    676.00
   78.37    5984.5    677.71
   78.46    6001.4    679.86
   78.53    6016.0    681.71
   78.63    6037.7    684.47
   78.73    6059.2    687.22
   78.74    6060.1    687.33
   78.74    6061.0    687.45
   78.83    6080.5    689.94
   78.89    6093.3    691.58
   78.95    6106.0    693.22
   78.98    6111.6    693.93
   79.00    6117.1    694.65
   79.05    6128.2    696.07
   79.06    6130.6    696.39
   79.07    6133.1    696.71
   79.11    6142.1    697.87
   79.13    6146.5    698.45
   79.14    6148.8    698.74
   79.15    6151.0    699.02
   79.22    6168.5    701.41
   79.30    6186.0    703.80
   79.37    6203.5    706.18
   79.44    6221.0    708.56
   79.51    6238.5    710.93
   79.54    6247.2    712.11
   79.58    6256.0    713.30
   79.60    6263.3    714.28
   79.61    6264.0    714.38
   79.66    6277.5    716.20
   79.71    6291.0    718.03
   79.75    6301.0    719.37
   79.79    6311.0    720.72
   79.81    6316.0    721.39
   79.83    6321.0    722.07
   79.85    6326.0    722.74
   79.87    6331.0    723.41
   79.89    6334.9    723.93
   79.90    6338.8    724.46
   79.92    6342.7    724.98
   79.92    6344.6    725.24
   79.93    6346.6    725.51
   79.93    6346.9    725.55
   79.95    6351.4    726.26
   79.95    6353.7    726.62
   79.96    6354.9    726.79
   79.96    6356.0    726.97
   79.98    6363.5    728.32
   79.99    6367.3    728.99
   80.00    6369.1    729.33
   80.00    6370.1    729.50
   80.00    6371.0    729.67
