    0.00    6371.0      0.00
    0.00    6370.1      0.17
    0.01    6369.1      0.34
    0.01    6367.3      0.69
    0.02    6363.5      1.38
    0.05    6356.0      2.75
    0.05    6354.9      2.94
    0.06    6353.7      3.12
    0.07    6351.4      3.49
    0.09    6346.9      4.22
    0.09    6346.6      4.26
    0.10    6344.6      4.54
    0.11    6342.7      4.81
    0.13    6338.8      5.36
    0.14    6334.9      5.91
    0.16    6331.0      6.46
    0.19    6326.0      7.16
    0.21    6321.0      7.87
    0.24    6316.0      8.57
    0.26    6311.0      9.28
    0.31    6301.0     10.69
    0.36    6291.0     12.10
    0.43    6277.5     14.01
    0.50    6264.0     15.92
    0.50    6263.3     16.03
    0.54    6256.0     17.06
    0.58    6247.2     18.30
    0.63    6238.5     19.55
    0.72    6221.0     22.03
    0.81    6203.5     24.53
    0.90    6186.0     27.03
    0.99    6168.5     29.53
    1.08    6151.0     32.04
    1.09    6148.8     32.34
    1.11    6146.5     32.65
    1.13    6142.1     33.26
    1.18    6133.1     34.49
    1.20    6130.6     34.83
    1.21    6128.2     35.17
    1.28    6117.1     36.68
    1.31    6111.6     37.44
    1.34    6106.0     38.20
    1.42    6093.3     39.94
    1.49    6080.5     41.69
    1.61    6061.0     44.34
    1.62    6060.1     44.46
    1.62    6059.2     44.59
    1.76    6037.7     47.51
    1.89    6016.0     50.46
    1.98    6001.4     52.44
    2.09    5984.5     54.74
    2.18    5971.0     56.57
    2.24    5962.3     57.74
    2.30    5953.5     58.92
    2.42    5935.6     61.30
    2.44    5932.7     61.68
    2.48    5926.9     62.46
    2.53    5921.0     63.24
    2.63    5906.2     65.20
    2.75    5891.1     67.19
    2.90    5871.0     69.85
    2.97    5861.7     71.07
    3.02    5855.1     71.95
    3.07    5848.3     72.83
    3.18    5834.8     74.62
    3.29    5821.0     76.43
    3.30    5820.4     76.51
    3.37    5812.3     77.57
    3.43    5804.2     78.63
    3.57    5787.7     80.80
    3.72    5771.0     82.99
    3.77    5764.6     83.84
    3.83    5758.2     84.68
    3.95    5745.3     86.37
    3.99    5740.7     86.99
    4.03    5736.0     87.60
    4.19    5718.5     89.90
    4.35    5701.0     92.22
    4.38    5697.6     92.67
    4.42    5694.2     93.12
    4.53    5683.3     94.57
    4.64    5672.2     96.03
    4.88    5650.0     98.99
    5.17    5623.1    102.59
    5.43    5600.0    105.70
    5.65    5581.1    108.25
    5.87    5562.1    110.84
    6.01    5550.0    112.49
    6.09    5544.0    113.32
    6.16    5537.9    114.16
    6.39    5519.0    116.76
    6.51    5509.5    118.07
    6.62    5500.0    119.40
    6.91    5477.4    122.55
    7.21    5454.7    125.75
    7.29    5447.9    126.71
    7.43    5437.6    128.17
    7.45    5436.5    128.33
    7.46    5435.3    128.50
    7.49    5433.0    128.83
    7.56    5428.3    129.50
    7.62    5423.6    130.17
    7.68    5418.9    130.85
    7.75    5414.2    131.52
    7.81    5409.5    132.20
    7.94    5400.0    133.56
    8.13    5387.1    135.43
    8.31    5374.1    137.32
    8.50    5361.1    139.23
    8.69    5348.1    141.15
    8.87    5336.1    142.92
    9.05    5324.1    144.71
    9.42    5300.0    148.34
    9.89    5270.3    152.88
   10.38    5240.3    157.54
   10.72    5220.2    160.71
   11.07    5200.0    163.95
   11.49    5176.9    167.70
   12.05    5146.9    172.68
   12.64    5116.6    177.83
   12.67    5115.0    178.09
   12.70    5113.5    178.36
   12.76    5110.3    178.90
   12.89    5104.1    179.98
   12.97    5100.0    180.70
   13.15    5091.5    182.18
   13.69    5066.1    186.72
   14.52    5028.8    193.58
   15.20    5000.0    199.10
   15.41    4991.1    200.84
   15.94    4970.8    204.96
   16.46    4950.6    209.09
   17.02    4930.1    213.44
   17.62    4909.6    217.97
   17.91    4900.0    220.15
   18.78    4872.3    226.70
   19.42    4853.4    231.39
   20.10    4834.5    236.35
   20.79    4817.2    241.26
   21.48    4800.0    246.17
   21.72    4794.4    247.90
   22.67    4774.0    254.51
   23.20    4763.7    258.20
   23.73    4753.5    261.89
   24.55    4741.1    267.43
   25.36    4728.8    272.97
   26.18    4716.4    278.51
   26.95    4708.2    283.61
   27.71    4700.0    288.72
   28.57    4696.1    294.37
   29.43    4692.3    300.03
   30.28    4688.4    305.68
   31.14    4684.5    311.34
   32.00    4680.7    316.99
   32.86    4684.5    322.65
   33.72    4688.4    328.30
   34.57    4692.3    333.96
   35.43    4696.1    339.62
   36.29    4700.0    345.27
   37.05    4708.2    350.38
   37.82    4716.4    355.48
   38.64    4728.8    361.02
   39.45    4741.1    366.56
   40.27    4753.5    372.10
   40.80    4763.7    375.79
   41.33    4774.0    379.48
   42.28    4794.4    386.09
   42.52    4800.0    387.81
   43.21    4817.2    392.73
   43.90    4834.5    397.64
   44.58    4853.4    402.60
   45.22    4872.3    407.29
   46.09    4900.0    413.84
   46.38    4909.6    416.02
   46.98    4930.1    420.55
   47.54    4950.6    424.90
   48.06    4970.8    429.02
   48.59    4991.1    433.15
   48.80    5000.0    434.88
   49.48    5028.8    440.40
   50.31    5066.1    447.26
   50.85    5091.5    451.80
   51.03    5100.0    453.29
   51.11    5104.1    454.01
   51.24    5110.3    455.09
   51.30    5113.5    455.63
   51.33    5115.0    455.89
   51.36    5116.6    456.16
   51.95    5146.9    461.31
   52.51    5176.9    466.29
   52.93    5200.0    470.04
   53.28    5220.2    473.28
   53.62    5240.3    476.45
   54.11    5270.3    481.11
   54.58    5300.0    485.65
   54.95    5324.1    489.28
   55.13    5336.1    491.07
   55.31    5348.1    492.84
   55.50    5361.1    494.76
   55.69    5374.1    496.67
   55.87    5387.1    498.56
   56.06    5400.0    500.43
   56.19    5409.5    501.79
   56.25    5414.2    502.47
   56.32    5418.9    503.14
   56.38    5423.6    503.82
   56.44    5428.3    504.49
   56.51    5433.0    505.16
   56.54    5435.3    505.49
   56.55    5436.5    505.66
   56.57    5437.6    505.82
   56.71    5447.9    507.28
   56.79    5454.7    508.24
   57.09    5477.4    511.44
   57.38    5500.0    514.59
   57.49    5509.5    515.91
   57.61    5519.0    517.23
   57.84    5537.9    519.83
   57.91    5544.0    520.67
   57.99    5550.0    521.50
   58.13    5562.1    523.15
   58.35    5581.1    525.74
   58.57    5600.0    528.29
   58.83    5623.1    531.40
   59.12    5650.0    535.00
   59.36    5672.2    537.96
   59.47    5683.3    539.42
   59.58    5694.2    540.87
   59.62    5697.6    541.32
   59.65    5701.0    541.76
   59.81    5718.5    544.08
   59.97    5736.0    546.39
   60.01    5740.7    547.00
   60.05    5745.3    547.62
   60.17    5758.2    549.31
   60.23    5764.6    550.15
   60.28    5771.0    550.99
   60.43    5787.7    553.19
   60.57    5804.2    555.35
   60.63    5812.3    556.42
   60.70    5820.4    557.48
   60.71    5821.0    557.56
   60.82    5834.8    559.37
   60.93    5848.3    561.16
   60.98    5855.1    562.04
   61.03    5861.7    562.92
   61.10    5871.0    564.14
   61.25    5891.1    566.80
   61.37    5906.2    568.79
   61.47    5921.0    570.75
   61.52    5926.9    571.53
   61.56    5932.7    572.31
   61.58    5935.6    572.69
   61.70    5953.5    575.07
   61.76    5962.3    576.25
   61.82    5971.0    577.41
   61.91    5984.5    579.24
   62.02    6001.4    581.55
   62.11    6016.0    583.52
   62.25    6037.7    586.47
   62.38    6059.2    589.40
   62.38    6060.1    589.52
   62.39    6061.0    589.65
   62.51    6080.5    592.30
   62.58    6093.3    594.05
   62.66    6106.0    595.79
   62.69    6111.6    596.55
   62.72    6117.1    597.31
   62.79    6128.2    598.82
   62.80    6130.6    599.16
   62.82    6133.1    599.50
   62.87    6142.1    600.73
   62.89    6146.5    601.34
   62.91    6148.8    601.64
   62.92    6151.0    601.95
   63.01    6168.5    604.45
   63.10    6186.0    606.96
   63.19    6203.5    609.46
   63.28    6221.0    611.95
   63.37    6238.5    614.44
   63.42    6247.2    615.68
   63.46    6256.0    616.93
   63.50    6263.3    617.96
   63.50    6264.0    618.07
   63.57    6277.5    619.98
   63.64    6291.0    621.89
   63.69    6301.0    623.30
   63.74    6311.0    624.71
   63.76    6316.0    625.42
   63.79    6321.0    626.12
   63.81    6326.0    626.82
   63.84    6331.0    627.53
   63.86    6334.9    628.08
   63.87    6338.8    628.63
   63.89    6342.7    629.18
   63.90    6344.6    629.45
   63.91    6346.6    629.72
   63.91    6346.9    629.77
   63.93    6351.4    630.50
   63.94    6353.7    630.87
   63.95    6354.9    631.05
   63.95    6356.0    631.24
   63.98    6363.5    632.61
   63.99    6367.3    633.30
   63.99    6369.1    633.64
   64.00    6370.1    633.82
   64.00    6371.0    633.99
