    0.00    6371.0      0.00
    0.00    6370.1      0.17
    0.00    6369.1      0.33
    0.01    6367.3      0.67
    0.02    6363.5      1.33
    0.03    6356.0      2.66
    0.04    6354.9      2.84
    0.04    6353.7      3.01
    0.04    6351.4      3.36
    0.06    6346.9      4.06
    0.06    6346.6      4.10
    0.06    6344.6      4.36
    0.07    6342.7      4.61
    0.08    6338.8      5.12
    0.09    6334.9      5.63
    0.11    6331.0      6.14
    0.12    6326.0      6.80
    0.14    6321.0      7.45
    0.16    6316.0      8.11
    0.17    6311.0      8.76
    0.20    6301.0     10.08
    0.24    6291.0     11.39
    0.28    6277.5     13.16
    0.32    6264.0     14.93
    0.33    6263.3     15.03
    0.35    6256.0     15.99
    0.38    6247.2     17.15
    0.41    6238.5     18.30
    0.46    6221.0     20.61
    0.52    6203.5     22.93
    0.58    6186.0     25.24
    0.64    6168.5     27.57
    0.70    6151.0     29.89
    0.70    6148.8     30.17
    0.71    6146.5     30.45
    0.73    6142.1     31.01
    0.76    6133.1     32.13
    0.77    6130.6     32.44
    0.78    6128.2     32.75
    0.82    6117.1     34.12
    0.84    6111.6     34.82
    0.86    6106.0     35.51
    0.91    6093.3     37.09
    0.96    6080.5     38.68
    1.03    6061.0     41.09
    1.03    6060.1     41.20
    1.04    6059.2     41.31
    1.12    6037.7     43.96
    1.20    6016.0     46.63
    1.26    6001.4     48.41
    1.33    5984.5     50.48
    1.38    5971.0     52.13
    1.42    5962.3     53.17
    1.46    5953.5     54.21
    1.53    5935.6     56.32
    1.55    5932.7     56.66
    1.57    5926.9     57.34
    1.60    5921.0     58.03
    1.66    5906.2     59.76
    1.73    5891.1     61.50
    1.82    5871.0     63.82
    1.86    5861.7     64.88
    1.90    5855.1     65.64
    1.93    5848.3     66.41
    1.99    5834.8     67.95
    2.06    5821.0     69.50
    2.06    5820.4     69.57
    2.10    5812.3     70.48
    2.14    5804.2     71.39
    2.22    5787.7     73.22
    2.31    5771.0     75.08
    2.34    5764.6     75.79
    2.37    5758.2     76.50
    2.44    5745.3     77.92
    2.46    5740.7     78.44
    2.49    5736.0     78.96
    2.58    5718.5     80.88
    2.67    5701.0     82.82
    2.69    5697.6     83.18
    2.71    5694.2     83.54
    2.77    5683.3     84.71
    2.84    5672.2     85.88
    2.97    5650.0     88.24
    3.13    5623.1     91.09
    3.27    5600.0     93.53
    3.38    5581.1     95.51
    3.50    5562.1     97.51
    3.58    5550.0     98.78
    3.62    5544.0     99.42
    3.66    5537.9    100.06
    3.78    5519.0    102.05
    3.84    5509.5    103.04
    3.90    5500.0    104.04
    4.05    5477.4    106.41
    4.20    5454.7    108.79
    4.25    5447.9    109.51
    4.32    5437.6    110.59
    4.33    5436.5    110.71
    4.33    5435.3    110.83
    4.35    5433.0    111.08
    4.38    5428.3    111.57
    4.41    5423.6    112.06
    4.45    5418.9    112.55
    4.48    5414.2    113.05
    4.51    5409.5    113.54
    4.58    5400.0    114.53
    4.67    5387.1    115.89
    4.76    5374.1    117.25
    4.85    5361.1    118.61
    4.95    5348.1    119.98
    5.03    5336.1    121.24
    5.12    5324.1    122.49
    5.30    5300.0    125.02
    5.52    5270.3    128.14
    5.75    5240.3    131.29
    5.91    5220.2    133.41
    6.07    5200.0    135.53
    6.26    5176.9    137.96
    6.50    5146.9    141.13
    6.76    5116.6    144.33
    6.77    5115.0    144.50
    6.78    5113.5    144.66
    6.81    5110.3    144.99
    6.86    5104.1    145.65
    6.90    5100.0    146.08
    6.97    5091.5    146.98
    7.19    5066.1    149.68
    7.52    5028.8    153.63
    7.78    5000.0    156.70
    7.87    4991.1    157.65
    8.25    4950.6    161.98
    8.44    4930.1    164.17
    8.64    4909.6    166.38
    8.74    4900.0    167.41
    9.01    4872.3    170.40
    9.21    4853.4    172.44
    9.40    4834.5    174.49
    9.76    4800.0    178.24
    9.82    4794.4    178.86
   10.04    4774.0    181.09
   10.27    4753.5    183.33
   10.68    4716.4    187.42
   10.87    4700.0    189.24
   11.12    4678.8    191.59
   11.57    4640.8    195.84
   11.81    4621.6    197.99
   12.04    4602.4    200.15
   12.07    4600.0    200.43
   12.54    4563.5    204.57
   12.79    4544.0    206.80
   13.05    4524.3    209.06
   13.38    4500.0    211.87
   13.59    4484.7    213.64
   14.16    4444.7    218.33
   14.23    4439.7    218.92
   14.82    4400.0    223.63
   15.14    4378.9    226.15
   15.25    4371.6    227.04
   15.81    4335.9    231.37
   16.40    4300.0    235.79
   17.07    4260.5    240.72
   17.77    4220.8    245.78
   17.96    4210.4    247.11
   18.15    4200.0    248.46
   19.11    4150.2    255.01
   19.62    4125.1    258.41
   20.13    4100.0    261.81
   20.35    4089.4    263.28
   20.54    4080.8    264.47
   20.72    4072.3    265.67
   21.53    4036.2    270.79
   21.95    4018.2    273.41
   22.39    4000.0    276.09
   23.31    3963.2    281.65
   24.29    3926.1    287.46
   24.65    3913.1    289.56
   25.03    3900.0    291.70
   25.78    3875.1    295.94
   26.54    3850.2    300.18
   27.39    3825.1    304.80
   28.24    3800.0    309.41
   28.57    3790.8    311.21
   28.73    3786.6    312.03
   28.89    3782.4    312.86
   29.71    3761.9    317.14
   30.54    3741.3    321.42
   31.49    3720.7    326.25
   32.45    3700.0    331.08
   33.32    3685.3    335.31
   34.19    3670.5    339.53
   35.06    3655.8    343.76
   35.93    3641.0    347.99
   36.75    3630.0    351.87
   37.37    3622.5    354.80
   38.00    3615.0    357.74
   38.72    3607.5    361.12
   39.45    3600.0    364.50
   40.34    3595.8    368.59
   41.24    3591.6    372.68
   42.13    3587.4    376.77
   43.03    3583.2    380.87
   43.92    3579.0    384.96
   44.82    3574.8    389.05
   45.71    3570.6    393.15
   46.61    3566.4    397.24
   47.50    3562.2    401.33
   48.39    3566.4    405.43
   49.29    3570.6    409.52
   50.18    3574.8    413.61
   51.08    3579.0    417.70
   51.97    3583.2    421.80
   52.87    3587.4    425.89
   53.76    3591.6    429.98
   54.66    3595.8    434.08
   55.55    3600.0    438.17
   56.28    3607.5    441.55
   57.00    3615.0    444.93
   57.63    3622.5    447.86
   58.25    3630.0    450.79
   59.07    3641.0    454.68
   59.94    3655.8    458.90
   60.81    3670.5    463.13
   61.68    3685.3    467.36
   62.55    3700.0    471.59
   63.51    3720.7    476.41
   64.46    3741.3    481.24
   65.29    3761.9    485.52
   66.11    3782.4    489.81
   66.27    3786.6    490.64
   66.43    3790.8    491.46
   66.76    3800.0    493.25
   67.61    3825.1    497.87
   68.46    3850.2    502.48
   69.22    3875.1    506.72
   69.97    3900.0    510.97
   70.35    3913.1    513.10
   70.71    3926.1    515.20
   71.69    3963.2    521.01
   72.61    4000.0    526.58
   73.05    4018.2    529.25
   73.47    4036.2    531.88
   74.28    4072.3    537.00
   74.46    4080.8    538.20
   74.65    4089.4    539.39
   74.87    4100.0    540.85
   75.38    4125.1    544.25
   75.89    4150.2    547.65
   76.85    4200.0    554.20
   77.04    4210.4    555.55
   77.23    4220.8    556.89
   77.93    4260.5    561.94
   78.60    4300.0    566.88
   79.19    4335.9    571.29
   79.75    4371.6    575.62
   79.86    4378.9    576.51
   80.18    4400.0    579.03
   80.77    4439.7    583.74
   80.84    4444.7    584.33
   81.41    4484.7    589.02
   81.62    4500.0    590.79
   81.95    4524.3    593.60
   82.21    4544.0    595.86
   82.46    4563.5    598.10
   82.93    4600.0    602.24
   82.96    4602.4    602.51
   83.19    4621.6    604.68
   83.43    4640.8    606.83
   83.88    4678.8    611.07
   84.13    4700.0    613.43
   84.32    4716.4    615.24
   84.73    4753.5    619.33
   84.96    4774.0    621.58
   85.18    4794.4    623.81
   85.24    4800.0    624.42
   85.60    4834.5    628.17
   85.79    4853.4    630.22
   85.99    4872.3    632.26
   86.26    4900.0    635.25
   86.36    4909.6    636.29
   86.56    4930.1    638.49
   86.75    4950.6    640.68
   87.13    4991.1    645.02
   87.22    5000.0    645.96
   87.48    5028.8    649.03
   87.81    5066.1    652.99
   88.03    5091.5    655.68
   88.10    5100.0    656.58
   88.14    5104.1    657.02
   88.19    5110.3    657.67
   88.22    5113.5    658.00
   88.23    5115.0    658.17
   88.24    5116.6    658.33
   88.50    5146.9    661.53
   88.74    5176.9    664.70
   88.93    5200.0    667.13
   89.09    5220.2    669.26
   89.25    5240.3    671.37
   89.48    5270.3    674.52
   89.70    5300.0    677.64
   89.88    5324.1    680.17
   89.97    5336.1    681.43
   90.05    5348.1    682.68
   90.15    5361.1    684.05
   90.24    5374.1    685.42
   90.33    5387.1    686.78
   90.42    5400.0    688.13
   90.49    5409.5    689.12
   90.52    5414.2    689.62
   90.55    5418.9    690.11
   90.59    5423.6    690.60
   90.62    5428.3    691.10
   90.65    5433.0    691.59
   90.67    5435.3    691.83
   90.67    5436.5    691.96
   90.68    5437.6    692.08
   90.75    5447.9    693.16
   90.80    5454.7    693.87
   90.95    5477.4    696.25
   91.10    5500.0    698.62
   91.16    5509.5    699.62
   91.22    5519.0    700.62
   91.34    5537.9    702.60
   91.38    5544.0    703.24
   91.42    5550.0    703.88
   91.50    5562.1    705.15
   91.62    5581.1    707.15
   91.73    5600.0    709.14
   91.87    5623.1    711.57
   92.03    5650.0    714.42
   92.16    5672.2    716.78
   92.23    5683.3    717.96
   92.29    5694.2    719.12
   92.31    5697.6    719.48
   92.33    5701.0    719.85
   92.42    5718.5    721.78
   92.51    5736.0    723.71
   92.54    5740.7    724.22
   92.56    5745.3    724.74
   92.63    5758.2    726.16
   92.66    5764.6    726.87
   92.69    5771.0    727.58
   92.78    5787.7    729.44
   92.86    5804.2    731.28
   92.90    5812.3    732.19
   92.94    5820.4    733.09
   92.94    5821.0    733.16
   93.01    5834.8    734.72
   93.07    5848.3    736.26
   93.10    5855.1    737.02
   93.14    5861.7    737.78
   93.18    5871.0    738.84
   93.27    5891.1    741.16
   93.34    5906.2    742.91
   93.40    5921.0    744.63
   93.43    5926.9    745.32
   93.45    5932.7    746.01
   93.47    5935.6    746.34
   93.54    5953.5    748.45
   93.58    5962.3    749.50
   93.62    5971.0    750.54
   93.67    5984.5    752.18
   93.74    6001.4    754.26
   93.80    6016.0    756.04
   93.88    6037.7    758.70
   93.96    6059.2    761.35
   93.97    6060.1    761.47
   93.97    6061.0    761.58
   94.04    6080.5    763.99
   94.09    6093.3    765.57
   94.14    6106.0    767.16
   94.16    6111.6    767.85
   94.18    6117.1    768.54
   94.22    6128.2    769.92
   94.23    6130.6    770.23
   94.24    6133.1    770.54
   94.27    6142.1    771.66
   94.29    6146.5    772.22
   94.30    6148.8    772.50
   94.30    6151.0    772.78
   94.36    6168.5    775.10
   94.42    6186.0    777.42
   94.48    6203.5    779.74
   94.54    6221.0    782.05
   94.59    6238.5    784.36
   94.62    6247.2    785.52
   94.65    6256.0    786.67
   94.67    6263.3    787.63
   94.68    6264.0    787.73
   94.72    6277.5    789.50
   94.76    6291.0    791.28
   94.80    6301.0    792.59
   94.83    6311.0    793.90
   94.84    6316.0    794.56
   94.86    6321.0    795.21
   94.88    6326.0    795.87
   94.89    6331.0    796.52
   94.91    6334.9    797.03
   94.92    6338.8    797.54
   94.93    6342.7    798.05
   94.94    6344.6    798.31
   94.94    6346.6    798.56
   94.94    6346.9    798.61
   94.96    6351.4    799.30
   94.96    6353.7    799.65
   94.96    6354.9    799.83
   94.97    6356.0    800.00
   94.98    6363.5    801.33
   94.99    6367.3    802.00
   95.00    6369.1    802.33
   95.00    6370.1    802.50
   95.00    6371.0    802.66
