    0.00    6371.0      0.00
    0.00    6370.1      0.17
    0.00    6369.1      0.33
    0.01    6367.3      0.67
    0.02    6363.5      1.34
    0.03    6356.0      2.67
    0.04    6354.9      2.85
    0.04    6353.7      3.02
    0.05    6351.4      3.37
    0.06    6346.9      4.07
    0.06    6346.6      4.12
    0.07    6344.6      4.37
    0.07    6342.7      4.63
    0.09    6338.8      5.14
    0.10    6334.9      5.66
    0.11    6331.0      6.17
    0.13    6326.0      6.83
    0.15    6321.0      7.49
    0.16    6316.0      8.15
    0.18    6311.0      8.81
    0.21    6301.0     10.13
    0.25    6291.0     11.45
    0.30    6277.5     13.24
    0.34    6264.0     15.02
    0.34    6263.3     15.12
    0.37    6256.0     16.08
    0.40    6247.2     17.25
    0.43    6238.5     18.41
    0.49    6221.0     20.73
    0.55    6203.5     23.07
    0.61    6186.0     25.40
    0.67    6168.5     27.74
    0.74    6151.0     30.07
    0.74    6148.8     30.35
    0.75    6146.5     30.64
    0.77    6142.1     31.20
    0.80    6133.1     32.33
    0.81    6130.6     32.64
    0.82    6128.2     32.95
    0.87    6117.1     34.34
    0.89    6111.6     35.04
    0.91    6106.0     35.74
    0.96    6093.3     37.33
    1.01    6080.5     38.93
    1.09    6061.0     41.36
    1.09    6060.1     41.48
    1.10    6059.2     41.59
    1.18    6037.7     44.26
    1.27    6016.0     46.95
    1.33    6001.4     48.75
    1.41    5984.5     50.84
    1.46    5971.0     52.50
    1.50    5962.3     53.55
    1.54    5953.5     54.61
    1.62    5935.6     56.74
    1.64    5932.7     57.08
    1.66    5926.9     57.77
    1.69    5921.0     58.47
    1.76    5906.2     60.21
    1.83    5891.1     61.98
    1.93    5871.0     64.32
    1.98    5861.7     65.39
    2.01    5855.1     66.16
    2.04    5848.3     66.94
    2.11    5834.8     68.50
    2.18    5821.0     70.07
    2.18    5820.4     70.14
    2.23    5812.3     71.06
    2.27    5804.2     71.98
    2.36    5787.7     73.84
    2.45    5771.0     75.73
    2.48    5764.6     76.45
    2.52    5758.2     77.17
    2.59    5745.3     78.61
    2.61    5740.7     79.13
    2.64    5736.0     79.65
    2.74    5718.5     81.61
    2.84    5701.0     83.57
    2.86    5697.6     83.94
    2.88    5694.2     84.31
    2.94    5683.3     85.50
    3.01    5672.2     86.69
    3.15    5650.0     89.09
    3.32    5623.1     91.99
    3.47    5600.0     94.47
    3.60    5581.1     96.50
    3.72    5562.1     98.53
    3.80    5550.0     99.83
    3.85    5544.0    100.48
    3.89    5537.9    101.14
    4.02    5519.0    103.16
    4.08    5509.5    104.18
    4.15    5500.0    105.20
    4.31    5477.4    107.62
    4.47    5454.7    110.05
    4.52    5447.9    110.78
    4.60    5437.6    111.88
    4.60    5436.5    112.01
    4.61    5435.3    112.13
    4.63    5433.0    112.39
    4.66    5428.3    112.89
    4.70    5423.6    113.39
    4.73    5418.9    113.90
    4.77    5414.2    114.40
    4.80    5409.5    114.91
    4.88    5400.0    115.92
    4.97    5387.1    117.31
    5.07    5374.1    118.70
    5.17    5361.1    120.10
    5.27    5348.1    121.50
    5.37    5336.1    122.78
    5.46    5324.1    124.07
    5.65    5300.0    126.67
    5.89    5270.3    129.87
    6.14    5240.3    133.10
    6.31    5220.2    135.27
    6.48    5200.0    137.46
    6.69    5176.9    139.96
    6.95    5146.9    143.22
    7.23    5116.6    146.52
    7.24    5115.0    146.69
    7.25    5113.5    146.86
    7.28    5110.3    147.19
    7.34    5104.1    147.87
    7.38    5100.0    148.32
    7.46    5091.5    149.25
    7.70    5066.1    152.03
    8.06    5028.8    156.12
    8.34    5000.0    159.29
    8.43    4991.1    160.27
    8.84    4950.6    164.76
    9.06    4930.1    167.03
    9.28    4909.6    169.32
    9.38    4900.0    170.40
    9.68    4872.3    173.51
    9.89    4853.4    175.63
   10.10    4834.5    177.76
   10.50    4800.0    181.68
   10.57    4794.4    182.32
   10.81    4774.0    184.65
   11.05    4753.5    187.00
   11.51    4716.4    191.28
   11.72    4700.0    193.18
   11.99    4678.8    195.66
   12.49    4640.8    200.13
   12.75    4621.6    202.39
   13.02    4602.4    204.68
   13.05    4600.0    204.97
   13.57    4563.5    209.35
   13.85    4544.0    211.72
   14.14    4524.3    214.12
   14.51    4500.0    217.11
   14.74    4484.7    219.00
   15.38    4444.7    224.01
   15.46    4439.7    224.64
   16.12    4400.0    229.70
   16.48    4378.9    232.42
   16.61    4371.6    233.38
   17.25    4335.9    238.07
   17.92    4300.0    242.88
   18.69    4260.5    248.28
   19.51    4220.8    253.85
   19.73    4210.4    255.34
   19.95    4200.0    256.83
   20.51    4175.1    260.50
   21.07    4150.2    264.16
   21.68    4125.1    268.01
   22.29    4100.0    271.87
   22.56    4089.4    273.54
   22.78    4080.8    274.91
   23.00    4072.3    276.29
   23.99    4036.2    282.24
   24.51    4018.2    285.33
   25.05    4000.0    288.50
   25.63    3981.6    291.86
   26.22    3963.2    295.21
   26.86    3944.6    298.80
   27.50    3926.1    302.39
   27.98    3913.1    305.05
   28.48    3900.0    307.78
   29.18    3883.4    311.54
   29.88    3866.8    315.30
   30.59    3850.2    319.07
   31.46    3833.5    323.56
   32.33    3816.7    328.05
   33.20    3800.0    332.54
   33.76    3790.8    335.38
   34.02    3786.6    336.72
   34.30    3782.4    338.09
   35.12    3772.1    342.19
   35.95    3761.9    346.28
   36.78    3751.6    350.38
   37.61    3741.3    354.47
   38.52    3736.9    358.86
   39.44    3732.5    363.24
   40.35    3728.1    367.62
   41.26    3723.7    372.01
   42.17    3719.3    376.39
   43.09    3714.9    380.77
   44.00    3710.5    385.16
   44.91    3714.9    389.54
   45.83    3719.3    393.92
   46.74    3723.7    398.30
   47.65    3728.1    402.69
   48.56    3732.5    407.07
   49.48    3736.9    411.45
   50.39    3741.3    415.84
   51.22    3751.6    419.93
   52.05    3761.9    424.03
   52.88    3772.1    428.12
   53.70    3782.4    432.22
   53.98    3786.6    433.59
   54.24    3790.8    434.93
   54.80    3800.0    437.77
   55.67    3816.7    442.26
   56.54    3833.5    446.75
   57.41    3850.2    451.24
   58.12    3866.8    455.01
   58.82    3883.4    458.77
   59.52    3900.0    462.53
   60.02    3913.1    465.27
   60.50    3926.1    467.92
   61.14    3944.6    471.51
   61.78    3963.2    475.10
   62.37    3981.6    478.45
   62.95    4000.0    481.81
   63.49    4018.2    484.98
   64.01    4036.2    488.07
   65.00    4072.3    494.02
   65.22    4080.8    495.40
   65.44    4089.4    496.77
   65.71    4100.0    498.44
   66.32    4125.1    502.30
   66.93    4150.2    506.15
   67.49    4175.1    509.82
   68.05    4200.0    513.48
   68.27    4210.4    514.97
   68.49    4220.8    516.46
   69.31    4260.5    522.03
   70.08    4300.0    527.43
   70.75    4335.9    532.24
   71.39    4371.6    536.93
   71.52    4378.9    537.89
   71.88    4400.0    540.61
   72.54    4439.7    545.67
   72.62    4444.7    546.30
   73.26    4484.7    551.31
   73.49    4500.0    553.20
   73.86    4524.3    556.19
   74.15    4544.0    558.59
   74.43    4563.5    560.96
   74.95    4600.0    565.34
   74.98    4602.4    565.63
   75.25    4621.6    567.92
   75.51    4640.8    570.18
   76.01    4678.8    574.65
   76.28    4700.0    577.13
   76.49    4716.4    579.03
   76.95    4753.5    583.31
   77.19    4774.0    585.66
   77.43    4794.4    587.99
   77.50    4800.0    588.63
   77.90    4834.5    592.55
   78.11    4853.4    594.68
   78.32    4872.3    596.80
   78.62    4900.0    599.91
   78.72    4909.6    600.99
   78.94    4930.1    603.28
   79.16    4950.6    605.55
   79.57    4991.1    610.04
   79.66    5000.0    611.02
   79.94    5028.8    614.19
   80.30    5066.1    618.28
   80.54    5091.5    621.06
   80.62    5100.0    621.99
   80.66    5104.1    622.44
   80.72    5110.3    623.12
   80.75    5113.5    623.45
   80.76    5115.0    623.62
   80.77    5116.6    623.79
   81.05    5146.9    627.09
   81.31    5176.9    630.35
   81.52    5200.0    632.85
   81.69    5220.2    635.04
   81.86    5240.3    637.21
   82.11    5270.3    640.44
   82.35    5300.0    643.64
   82.54    5324.1    646.24
   82.63    5336.1    647.53
   82.73    5348.1    648.81
   82.83    5361.1    650.21
   82.93    5374.1    651.61
   83.03    5387.1    653.00
   83.12    5400.0    654.39
   83.20    5409.5    655.40
   83.23    5414.2    655.91
   83.27    5418.9    656.41
   83.30    5423.6    656.92
   83.34    5428.3    657.42
   83.37    5433.0    657.93
   83.39    5435.3    658.18
   83.40    5436.5    658.30
   83.40    5437.6    658.43
   83.48    5447.9    659.53
   83.53    5454.7    660.26
   83.69    5477.4    662.69
   83.85    5500.0    665.11
   83.92    5509.5    666.13
   83.98    5519.0    667.15
   84.11    5537.9    669.18
   84.15    5544.0    669.83
   84.20    5550.0    670.48
   84.28    5562.1    671.78
   84.40    5581.1    673.81
   84.53    5600.0    675.84
   84.68    5623.1    678.32
   84.85    5650.0    681.22
   84.99    5672.2    683.62
   85.06    5683.3    684.82
   85.12    5694.2    686.00
   85.14    5697.6    686.37
   85.16    5701.0    686.74
   85.26    5718.5    688.70
   85.36    5736.0    690.66
   85.39    5740.7    691.18
   85.41    5745.3    691.70
   85.48    5758.2    693.15
   85.52    5764.6    693.86
   85.55    5771.0    694.58
   85.64    5787.7    696.47
   85.73    5804.2    698.33
   85.77    5812.3    699.25
   85.82    5820.4    700.17
   85.82    5821.0    700.24
   85.89    5834.8    701.81
   85.96    5848.3    703.37
   85.99    5855.1    704.15
   86.02    5861.7    704.92
   86.07    5871.0    705.99
   86.17    5891.1    708.34
   86.24    5906.2    710.10
   86.31    5921.0    711.84
   86.34    5926.9    712.54
   86.36    5932.7    713.23
   86.38    5935.6    713.57
   86.46    5953.5    715.70
   86.50    5962.3    716.76
   86.54    5971.0    717.81
   86.59    5984.5    719.47
   86.67    6001.4    721.56
   86.73    6016.0    723.36
   86.82    6037.7    726.05
   86.90    6059.2    728.72
   86.91    6060.1    728.84
   86.91    6061.0    728.95
   86.99    6080.5    731.38
   87.04    6093.3    732.98
   87.09    6106.0    734.57
   87.11    6111.6    735.27
   87.13    6117.1    735.97
   87.18    6128.2    737.36
   87.19    6130.6    737.67
   87.20    6133.1    737.98
   87.23    6142.1    739.11
   87.25    6146.5    739.67
   87.26    6148.8    739.96
   87.26    6151.0    740.24
   87.33    6168.5    742.58
   87.39    6186.0    744.92
   87.45    6203.5    747.25
   87.51    6221.0    749.58
   87.57    6238.5    751.90
   87.60    6247.2    753.06
   87.63    6256.0    754.23
   87.66    6263.3    755.19
   87.66    6264.0    755.29
   87.70    6277.5    757.08
   87.75    6291.0    758.86
   87.79    6301.0    760.18
   87.82    6311.0    761.50
   87.84    6316.0    762.16
   87.85    6321.0    762.82
   87.87    6326.0    763.48
   87.89    6331.0    764.14
   87.90    6334.9    764.65
   87.91    6338.8    765.17
   87.93    6342.7    765.68
   87.93    6344.6    765.94
   87.94    6346.6    766.20
   87.94    6346.9    766.24
   87.95    6351.4    766.94
   87.96    6353.7    767.29
   87.96    6354.9    767.47
   87.97    6356.0    767.64
   87.98    6363.5    768.98
   87.99    6367.3    769.64
   88.00    6369.1    769.98
   88.00    6370.1    770.14
   88.00    6371.0    770.31
