    0.00    6371.0      0.00
    0.00    6370.1      0.18
    0.01    6369.1      0.35
    0.02    6367.3      0.71
    0.03    6363.5      1.42
    0.06    6356.0      2.84
    0.07    6354.9      3.03
    0.07    6353.7      3.22
    0.08    6351.4      3.60
    0.11    6346.9      4.37
    0.11    6346.6      4.42
    0.12    6344.6      4.71
    0.13    6342.7      5.01
    0.16    6338.8      5.59
    0.18    6334.9      6.18
    0.21    6331.0      6.77
    0.24    6326.0      7.53
    0.27    6321.0      8.29
    0.30    6316.0      9.04
    0.34    6311.0      9.80
    0.40    6301.0     11.32
    0.46    6291.0     12.84
    0.55    6277.5     14.89
    0.64    6264.0     16.94
    0.65    6263.3     17.06
    0.69    6256.0     18.16
    0.75    6247.2     19.50
    0.81    6238.5     20.84
    0.92    6221.0     23.51
    1.04    6203.5     26.20
    1.16    6186.0     28.89
    1.27    6168.5     31.59
    1.39    6151.0     34.28
    1.41    6148.8     34.62
    1.42    6146.5     34.95
    1.46    6142.1     35.62
    1.53    6133.1     36.97
    1.54    6130.6     37.34
    1.56    6128.2     37.71
    1.65    6117.1     39.37
    1.69    6111.6     40.21
    1.73    6106.0     41.04
    1.83    6093.3     42.96
    1.94    6080.5     44.89
    2.09    6061.0     47.82
    2.10    6060.1     47.96
    2.11    6059.2     48.09
    2.28    6037.7     51.34
    2.46    6016.0     54.61
    2.59    6001.4     56.81
    2.73    5984.5     59.39
    2.85    5971.0     61.43
    2.93    5962.3     62.75
    3.01    5953.5     64.09
    3.18    5935.6     66.80
    3.21    5932.7     67.24
    3.27    5926.9     68.13
    3.32    5921.0     69.02
    3.47    5906.2     71.29
    3.63    5891.1     73.59
    3.84    5871.0     76.70
    3.94    5861.7     78.13
    4.02    5855.1     79.17
    4.09    5848.3     80.21
    4.25    5834.8     82.33
    4.41    5821.0     84.49
    4.41    5820.4     84.59
    4.51    5812.3     85.86
    4.61    5804.2     87.15
    4.81    5787.7     89.78
    5.02    5771.0     92.48
    5.11    5764.6     93.52
    5.19    5758.2     94.56
    5.36    5745.3     96.66
    5.42    5740.7     97.43
    5.49    5736.0     98.20
    5.73    5718.5    101.08
    5.97    5701.0    104.00
    6.02    5697.6    104.60
    6.08    5694.2    105.21
    6.26    5683.3    107.17
    6.45    5672.2    109.17
    6.84    5650.0    113.27
    7.34    5623.1    118.39
    7.80    5600.0    122.92
    8.18    5581.1    126.74
    8.59    5562.1    130.66
    8.85    5550.0    133.22
    8.99    5544.0    134.52
    9.13    5537.9    135.83
    9.57    5519.0    139.99
    9.80    5509.5    142.13
   10.03    5500.0    144.30
   10.61    5477.4    149.62
   11.23    5454.7    155.22
   11.42    5447.9    156.95
   11.72    5437.6    159.62
   11.76    5436.5    159.93
   11.79    5435.3    160.23
   11.86    5433.0    160.86
   12.00    5428.3    162.11
   12.15    5423.6    163.38
   12.30    5418.9    164.67
   12.45    5414.2    165.99
   12.60    5409.5    167.32
   12.91    5400.0    170.04
   13.36    5387.1    173.90
   13.83    5374.1    177.96
   14.34    5361.1    182.25
   14.88    5348.1    186.81
   15.42    5336.1    191.27
   16.00    5324.1    196.08
   16.68    5312.1    201.64
   17.37    5300.0    207.21
   18.18    5290.1    213.74
   18.99    5280.2    220.26
   19.81    5270.3    226.78
   20.60    5266.8    233.09
   21.40    5263.3    239.40
   22.20    5259.8    245.71
   23.00    5256.4    252.02
   23.80    5259.8    258.33
   24.60    5263.3    264.64
   25.40    5266.8    270.94
   26.19    5270.3    277.25
   27.01    5280.2    283.78
   27.82    5290.1    290.30
   28.63    5300.0    296.82
   29.32    5312.1    302.39
   30.00    5324.1    307.96
   30.58    5336.1    312.77
   31.12    5348.1    317.23
   31.66    5361.1    321.79
   32.17    5374.1    326.08
   32.64    5387.1    330.14
   33.09    5400.0    334.00
   33.40    5409.5    336.72
   33.55    5414.2    338.05
   33.70    5418.9    339.36
   33.85    5423.6    340.65
   34.00    5428.3    341.93
   34.14    5433.0    343.18
   34.21    5435.3    343.80
   34.24    5436.5    344.11
   34.28    5437.6    344.42
   34.58    5447.9    347.09
   34.77    5454.7    348.82
   35.39    5477.4    354.42
   35.97    5500.0    359.73
   36.20    5509.5    361.91
   36.43    5519.0    364.05
   36.87    5537.9    368.20
   37.01    5544.0    369.52
   37.15    5550.0    370.82
   37.41    5562.1    373.37
   37.82    5581.1    377.30
   38.20    5600.0    381.11
   38.66    5623.1    385.64
   39.16    5650.0    390.76
   39.55    5672.2    394.87
   39.74    5683.3    396.87
   39.92    5694.2    398.83
   39.98    5697.6    399.44
   40.03    5701.0    400.04
   40.27    5718.5    402.96
   40.51    5736.0    405.84
   40.58    5740.7    406.61
   40.64    5745.3    407.37
   40.81    5758.2    409.47
   40.89    5764.6    410.52
   40.98    5771.0    411.56
   41.19    5787.7    414.26
   41.39    5804.2    416.88
   41.49    5812.3    418.17
   41.59    5820.4    419.45
   41.59    5821.0    419.54
   41.75    5834.8    421.71
   41.91    5848.3    423.83
   41.98    5855.1    424.87
   42.06    5861.7    425.90
   42.16    5871.0    427.34
   42.37    5891.1    430.44
   42.53    5906.2    432.75
   42.68    5921.0    435.01
   42.73    5926.9    435.91
   42.79    5932.7    436.80
   42.82    5935.6    437.23
   42.99    5953.5    439.95
   43.07    5962.3    441.28
   43.15    5971.0    442.61
   43.27    5984.5    444.65
   43.41    6001.4    447.22
   43.54    6016.0    449.42
   43.72    6037.7    452.70
   43.89    6059.2    455.94
   43.90    6060.1    456.08
   43.91    6061.0    456.22
   44.06    6080.5    459.15
   44.17    6093.3    461.08
   44.27    6106.0    462.99
   44.31    6111.6    463.83
   44.35    6117.1    464.66
   44.44    6128.2    466.33
   44.46    6130.6    466.70
   44.47    6133.1    467.07
   44.54    6142.1    468.41
   44.58    6146.5    469.08
   44.59    6148.8    469.42
   44.61    6151.0    469.75
   44.73    6168.5    472.45
   44.84    6186.0    475.15
   44.96    6203.5    477.84
   45.08    6221.0    480.52
   45.19    6238.5    483.20
   45.25    6247.2    484.54
   45.31    6256.0    485.87
   45.35    6263.3    486.98
   45.36    6264.0    487.10
   45.45    6277.5    489.15
   45.54    6291.0    491.20
   45.60    6301.0    492.72
   45.66    6311.0    494.24
   45.70    6316.0    494.99
   45.73    6321.0    495.75
   45.76    6326.0    496.51
   45.79    6331.0    497.26
   45.82    6334.9    497.85
   45.84    6338.8    498.44
   45.87    6342.7    499.03
   45.88    6344.6    499.33
   45.89    6346.6    499.62
   45.89    6346.9    499.67
   45.92    6351.4    500.43
   45.93    6353.7    500.82
   45.93    6354.9    501.01
   45.94    6356.0    501.20
   45.97    6363.5    502.62
   45.98    6367.3    503.33
   45.99    6369.1    503.68
   46.00    6370.1    503.86
   46.00    6371.0    504.04
