    0.00    6371.0      0.00
    0.00    6370.1      0.18
    0.01    6369.1      0.36
    0.02    6367.3      0.71
    0.03    6363.5      1.43
    0.06    6356.0      2.86
    0.07    6354.9      3.05
    0.08    6353.7      3.25
    0.09    6351.4      3.63
    0.11    6346.9      4.41
    0.11    6346.6      4.46
    0.13    6344.6      4.76
    0.14    6342.7      5.06
    0.17    6338.8      5.66
    0.19    6334.9      6.26
    0.22    6331.0      6.86
    0.25    6326.0      7.63
    0.29    6321.0      8.40
    0.32    6316.0      9.17
    0.35    6311.0      9.94
    0.42    6301.0     11.49
    0.49    6291.0     13.03
    0.58    6277.5     15.13
    0.67    6264.0     17.22
    0.68    6263.3     17.34
    0.73    6256.0     18.46
    0.79    6247.2     19.83
    0.85    6238.5     21.19
    0.97    6221.0     23.92
    1.10    6203.5     26.66
    1.22    6186.0     29.40
    1.34    6168.5     32.15
    1.47    6151.0     34.90
    1.48    6148.8     35.24
    1.50    6146.5     35.58
    1.54    6142.1     36.27
    1.61    6133.1     37.65
    1.63    6130.6     38.03
    1.65    6128.2     38.41
    1.74    6117.1     40.12
    1.79    6111.6     40.97
    1.83    6106.0     41.83
    1.94    6093.3     43.80
    2.05    6080.5     45.78
    2.21    6061.0     48.79
    2.22    6060.1     48.93
    2.23    6059.2     49.07
    2.42    6037.7     52.41
    2.61    6016.0     55.78
    2.74    6001.4     58.05
    2.90    5984.5     60.70
    3.02    5971.0     62.81
    3.11    5962.3     64.18
    3.20    5953.5     65.56
    3.38    5935.6     68.38
    3.41    5932.7     68.83
    3.47    5926.9     69.76
    3.53    5921.0     70.69
    3.69    5906.2     73.05
    3.86    5891.1     75.46
    4.09    5871.0     78.70
    4.20    5861.7     80.21
    4.28    5855.1     81.29
    4.36    5848.3     82.39
    4.53    5834.8     84.63
    4.71    5821.0     86.91
    4.71    5820.4     87.01
    4.82    5812.3     88.36
    4.93    5804.2     89.72
    5.15    5787.7     92.52
    5.39    5771.0     95.40
    5.48    5764.6     96.51
    5.57    5758.2     97.63
    5.76    5745.3     99.88
    5.83    5740.7    100.70
    5.90    5736.0    101.52
    6.17    5718.5    104.62
    6.44    5701.0    107.78
    6.50    5697.6    108.45
    6.57    5694.2    109.12
    6.78    5683.3    111.32
    7.00    5672.2    113.56
    7.46    5650.0    118.22
    8.06    5623.1    124.11
    8.60    5600.0    129.42
    9.08    5581.1    133.96
    9.59    5562.1    138.70
    9.93    5550.0    141.83
   10.10    5544.0    143.44
   10.28    5537.9    145.07
   10.85    5519.0    150.31
   11.16    5509.5    153.06
   11.48    5500.0    155.90
   12.28    5477.4    163.03
   13.18    5454.7    170.92
   13.48    5447.9    173.46
   13.95    5437.6    177.50
   14.00    5436.5    177.97
   14.06    5435.3    178.45
   14.17    5433.0    179.43
   14.41    5428.3    181.42
   14.65    5423.6    183.50
   14.91    5418.9    185.66
   15.17    5414.2    187.91
   15.45    5409.5    190.28
   16.07    5400.0    195.44
   16.57    5393.5    199.59
   17.07    5387.1    203.75
   17.76    5380.6    209.44
   18.45    5374.1    215.13
   19.30    5371.0    222.08
   20.15    5367.9    229.03
   21.00    5364.8    235.98
   21.85    5367.9    242.93
   22.70    5371.0    249.88
   23.55    5374.1    256.83
   24.24    5380.6    262.52
   24.93    5387.1    268.21
   25.43    5393.5    272.37
   25.93    5400.0    276.53
   26.55    5409.5    281.68
   26.83    5414.2    284.05
   27.09    5418.9    286.31
   27.35    5423.6    288.47
   27.59    5428.3    290.54
   27.83    5433.0    292.54
   27.94    5435.3    293.51
   28.00    5436.5    293.99
   28.05    5437.6    294.47
   28.52    5447.9    298.50
   28.82    5454.7    301.04
   29.72    5477.4    308.93
   30.52    5500.0    316.06
   30.84    5509.5    318.90
   31.15    5519.0    321.65
   31.72    5537.9    326.90
   31.90    5544.0    328.53
   32.07    5550.0    330.13
   32.41    5562.1    333.26
   32.92    5581.1    338.01
   33.40    5600.0    342.55
   33.94    5623.1    347.85
   34.54    5650.0    353.74
   35.00    5672.2    358.40
   35.22    5683.3    360.65
   35.43    5694.2    362.84
   35.50    5697.6    363.52
   35.56    5701.0    364.19
   35.83    5718.5    367.34
   36.10    5736.0    370.44
   36.17    5740.7    371.26
   36.24    5745.3    372.08
   36.43    5758.2    374.34
   36.52    5764.6    375.45
   36.61    5771.0    376.57
   36.85    5787.7    379.45
   37.07    5804.2    382.24
   37.18    5812.3    383.61
   37.29    5820.4    384.95
   37.29    5821.0    385.05
   37.47    5834.8    387.34
   37.64    5848.3    389.57
   37.72    5855.1    390.67
   37.80    5861.7    391.76
   37.91    5871.0    393.26
   38.14    5891.1    396.51
   38.31    5906.2    398.92
   38.47    5921.0    401.27
   38.53    5926.9    402.21
   38.59    5932.7    403.13
   38.62    5935.6    403.58
   38.81    5953.5    406.40
   38.89    5962.3    407.79
   38.98    5971.0    409.15
   39.10    5984.5    411.26
   39.26    6001.4    413.91
   39.39    6016.0    416.18
   39.58    6037.7    419.56
   39.77    6059.2    422.89
   39.78    6060.1    423.03
   39.79    6061.0    423.17
   39.95    6080.5    426.19
   40.06    6093.3    428.17
   40.17    6106.0    430.13
   40.21    6111.6    430.99
   40.26    6117.1    431.85
   40.35    6128.2    433.55
   40.37    6130.6    433.93
   40.39    6133.1    434.31
   40.46    6142.1    435.69
   40.50    6146.5    436.38
   40.52    6148.8    436.72
   40.53    6151.0    437.07
   40.66    6168.5    439.82
   40.78    6186.0    442.57
   40.90    6203.5    445.31
   41.03    6221.0    448.05
   41.15    6238.5    450.77
   41.21    6247.2    452.14
   41.27    6256.0    453.50
   41.32    6263.3    454.63
   41.33    6264.0    454.75
   41.42    6277.5    456.84
   41.51    6291.0    458.93
   41.58    6301.0    460.48
   41.65    6311.0    462.02
   41.68    6316.0    462.79
   41.71    6321.0    463.56
   41.75    6326.0    464.34
   41.78    6331.0    465.11
   41.81    6334.9    465.71
   41.83    6338.8    466.31
   41.86    6342.7    466.91
   41.87    6344.6    467.21
   41.89    6346.6    467.51
   41.89    6346.9    467.56
   41.91    6351.4    468.33
   41.92    6353.7    468.72
   41.93    6354.9    468.91
   41.94    6356.0    469.11
   41.97    6363.5    470.53
   41.98    6367.3    471.25
   41.99    6369.1    471.61
   42.00    6370.1    471.79
   42.00    6371.0    471.96
