    0.00    6371.0      0.00
    0.00    6370.1      0.17
    0.01    6369.1      0.34
    0.01    6367.3      0.69
    0.02    6363.5      1.37
    0.05    6356.0      2.74
    0.05    6354.9      2.92
    0.06    6353.7      3.10
    0.06    6351.4      3.47
    0.08    6346.9      4.20
    0.08    6346.6      4.24
    0.09    6344.6      4.51
    0.10    6342.7      4.79
    0.12    6338.8      5.33
    0.14    6334.9      5.87
    0.16    6331.0      6.42
    0.18    6326.0      7.11
    0.21    6321.0      7.81
    0.23    6316.0      8.51
    0.25    6311.0      9.21
    0.30    6301.0     10.61
    0.35    6291.0     12.01
    0.41    6277.5     13.90
    0.48    6264.0     15.79
    0.48    6263.3     15.89
    0.52    6256.0     16.91
    0.56    6247.2     18.15
    0.60    6238.5     19.38
    0.69    6221.0     21.84
    0.77    6203.5     24.31
    0.86    6186.0     26.78
    0.95    6168.5     29.26
    1.03    6151.0     31.74
    1.05    6148.8     32.05
    1.06    6146.5     32.35
    1.08    6142.1     32.95
    1.13    6133.1     34.16
    1.15    6130.6     34.50
    1.16    6128.2     34.83
    1.22    6117.1     36.33
    1.25    6111.6     37.08
    1.28    6106.0     37.83
    1.36    6093.3     39.54
    1.43    6080.5     41.27
    1.54    6061.0     43.89
    1.55    6060.1     44.01
    1.55    6059.2     44.13
    1.68    6037.7     47.02
    1.81    6016.0     49.93
    1.90    6001.4     51.88
    2.00    5984.5     54.15
    2.08    5971.0     55.95
    2.14    5962.3     57.10
    2.20    5953.5     58.26
    2.31    5935.6     60.60
    2.33    5932.7     60.97
    2.37    5926.9     61.74
    2.41    5921.0     62.50
    2.52    5906.2     64.43
    2.62    5891.1     66.39
    2.77    5871.0     68.99
    2.83    5861.7     70.19
    2.88    5855.1     71.05
    2.93    5848.3     71.92
    3.04    5834.8     73.67
    3.14    5821.0     75.44
    3.15    5820.4     75.51
    3.21    5812.3     76.55
    3.27    5804.2     77.59
    3.40    5787.7     79.71
    3.54    5771.0     81.85
    3.59    5764.6     82.67
    3.65    5758.2     83.49
    3.76    5745.3     85.14
    3.79    5740.7     85.74
    3.83    5736.0     86.34
    3.98    5718.5     88.59
    4.14    5701.0     90.85
    4.17    5697.6     91.28
    4.20    5694.2     91.71
    4.30    5683.3     93.12
    4.41    5672.2     94.53
    4.63    5650.0     97.39
    4.91    5623.1    100.86
    5.15    5600.0    103.85
    5.35    5581.1    106.31
    5.55    5562.1    108.79
    5.69    5550.0    110.38
    5.75    5544.0    111.18
    5.82    5537.9    111.98
    6.03    5519.0    114.47
    6.14    5509.5    115.73
    6.25    5500.0    116.99
    6.52    5477.4    120.00
    6.79    5454.7    123.05
    6.87    5447.9    123.97
    7.00    5437.6    125.35
    7.01    5436.5    125.51
    7.02    5435.3    125.67
    7.05    5433.0    125.99
    7.11    5428.3    126.62
    7.17    5423.6    127.26
    7.23    5418.9    127.90
    7.29    5414.2    128.54
    7.35    5409.5    129.19
    7.47    5400.0    130.48
    7.63    5387.1    132.25
    7.80    5374.1    134.04
    7.97    5361.1    135.84
    8.15    5348.1    137.66
    8.31    5336.1    139.33
    8.47    5324.1    141.01
    8.81    5300.0    144.43
    9.24    5270.3    148.68
    9.68    5240.3    153.02
    9.99    5220.2    155.97
   10.30    5200.0    158.97
   10.67    5176.9    162.43
   11.17    5146.9    167.01
   11.69    5116.6    171.72
   11.72    5115.0    171.96
   11.75    5113.5    172.20
   11.80    5110.3    172.69
   11.91    5104.1    173.67
   11.99    5100.0    174.32
   12.14    5091.5    175.67
   12.61    5066.1    179.77
   13.33    5028.8    185.90
   13.91    5000.0    190.78
   14.09    4991.1    192.30
   14.97    4950.6    199.46
   15.44    4930.1    203.18
   15.92    4909.6    207.01
   16.15    4900.0    208.83
   16.85    4872.3    214.22
   17.35    4853.4    218.01
   17.87    4834.5    221.92
   18.37    4817.2    225.65
   18.88    4800.0    229.38
   19.05    4794.4    230.65
   19.70    4774.0    235.35
   20.39    4753.5    240.30
   21.08    4734.9    245.13
   21.77    4716.4    249.96
   22.44    4700.0    254.60
   23.38    4678.8    261.03
   24.38    4659.8    267.70
   25.37    4640.8    274.37
   25.99    4631.2    278.43
   26.61    4621.6    282.49
   27.38    4612.0    287.48
   28.14    4602.4    292.47
   28.37    4600.0    293.94
   29.23    4595.6    299.40
   30.08    4591.2    304.85
   30.94    4586.7    310.31
   31.79    4582.3    315.77
   32.65    4577.9    321.22
   33.50    4573.5    326.68
   34.35    4577.9    332.13
   35.21    4582.3    337.59
   36.06    4586.7    343.04
   36.92    4591.2    348.50
   37.77    4595.6    353.95
   38.63    4600.0    359.41
   38.86    4602.4    360.89
   39.62    4612.0    365.87
   40.39    4621.6    370.86
   41.01    4631.2    374.92
   41.63    4640.8    378.98
   42.62    4659.8    385.65
   43.62    4678.8    392.32
   44.56    4700.0    398.76
   45.23    4716.4    403.39
   45.92    4734.9    408.22
   46.61    4753.5    413.06
   47.30    4774.0    418.00
   47.95    4794.4    422.70
   48.12    4800.0    423.97
   48.63    4817.2    427.70
   49.13    4834.5    431.43
   49.65    4853.4    435.35
   50.15    4872.3    439.13
   50.85    4900.0    444.53
   51.08    4909.6    446.35
   51.56    4930.1    450.17
   52.03    4950.6    453.89
   52.91    4991.1    461.05
   53.09    5000.0    462.57
   53.67    5028.8    467.45
   54.39    5066.1    473.59
   54.86    5091.5    477.68
   55.01    5100.0    479.03
   55.09    5104.1    479.68
   55.20    5110.3    480.66
   55.25    5113.5    481.15
   55.28    5115.0    481.39
   55.31    5116.6    481.64
   55.83    5146.9    486.34
   56.33    5176.9    490.92
   56.70    5200.0    494.38
   57.01    5220.2    497.38
   57.32    5240.3    500.33
   57.76    5270.3    504.68
   58.19    5300.0    508.93
   58.53    5324.1    512.34
   58.69    5336.1    514.02
   58.85    5348.1    515.69
   59.03    5361.1    517.51
   59.20    5374.1    519.31
   59.37    5387.1    521.10
   59.53    5400.0    522.87
   59.65    5409.5    524.17
   59.71    5414.2    524.81
   59.77    5418.9    525.45
   59.83    5423.6    526.09
   59.89    5428.3    526.73
   59.95    5433.0    527.37
   59.98    5435.3    527.68
   59.99    5436.5    527.84
   60.00    5437.6    528.00
   60.13    5447.9    529.39
   60.21    5454.7    530.30
   60.48    5477.4    533.35
   60.75    5500.0    536.36
   60.86    5509.5    537.63
   60.97    5519.0    538.88
   61.18    5537.9    541.38
   61.25    5544.0    542.18
   61.31    5550.0    542.98
   61.45    5562.1    544.56
   61.65    5581.1    547.04
   61.85    5600.0    549.50
   62.09    5623.1    552.49
   62.37    5650.0    555.97
   62.59    5672.2    558.83
   62.70    5683.3    560.24
   62.80    5694.2    561.64
   62.83    5697.6    562.07
   62.86    5701.0    562.51
   63.02    5718.5    564.77
   63.17    5736.0    567.01
   63.21    5740.7    567.61
   63.24    5745.3    568.21
   63.35    5758.2    569.86
   63.41    5764.6    570.68
   63.46    5771.0    571.50
   63.60    5787.7    573.65
   63.73    5804.2    575.76
   63.79    5812.3    576.80
   63.85    5820.4    577.84
   63.86    5821.0    577.92
   63.96    5834.8    579.69
   64.07    5848.3    581.44
   64.12    5855.1    582.30
   64.17    5861.7    583.16
   64.23    5871.0    584.36
   64.38    5891.1    586.97
   64.48    5906.2    588.92
   64.59    5921.0    590.85
   64.63    5926.9    591.62
   64.67    5932.7    592.38
   64.69    5935.6    592.75
   64.80    5953.5    595.10
   64.86    5962.3    596.25
   64.92    5971.0    597.40
   65.00    5984.5    599.20
   65.10    6001.4    601.47
   65.19    6016.0    603.42
   65.32    6037.7    606.33
   65.45    6059.2    609.22
   65.45    6060.1    609.34
   65.46    6061.0    609.46
   65.57    6080.5    612.08
   65.64    6093.3    613.81
   65.72    6106.0    615.53
   65.75    6111.6    616.28
   65.78    6117.1    617.03
   65.84    6128.2    618.52
   65.85    6130.6    618.85
   65.87    6133.1    619.19
   65.92    6142.1    620.40
   65.94    6146.5    621.01
   65.95    6148.8    621.31
   65.97    6151.0    621.61
   66.05    6168.5    624.09
   66.14    6186.0    626.57
   66.23    6203.5    629.04
   66.31    6221.0    631.51
   66.40    6238.5    633.98
   66.44    6247.2    635.21
   66.48    6256.0    636.44
   66.52    6263.3    637.46
   66.52    6264.0    637.57
   66.59    6277.5    639.46
   66.65    6291.0    641.35
   66.70    6301.0    642.75
   66.75    6311.0    644.15
   66.77    6316.0    644.84
   66.80    6321.0    645.54
   66.82    6326.0    646.24
   66.84    6331.0    646.94
   66.86    6334.9    647.48
   66.88    6338.8    648.02
   66.90    6342.7    648.57
   66.91    6344.6    648.84
   66.92    6346.6    649.11
   66.92    6346.9    649.16
   66.94    6351.4    649.88
   66.94    6353.7    650.25
   66.95    6354.9    650.43
   66.95    6356.0    650.61
   66.98    6363.5    651.98
   66.99    6367.3    652.67
   66.99    6369.1    653.01
   67.00    6370.1    653.18
   67.00    6371.0    653.35
