    0.00    6371.0      0.00
    0.00    6370.1      0.17
    0.00    6369.1      0.33
    0.01    6367.3      0.67
    0.02    6363.5      1.33
    0.03    6356.0      2.66
    0.04    6354.9      2.84
    0.04    6353.7      3.01
    0.05    6351.4      3.36
    0.06    6346.9      4.06
    0.06    6346.6      4.10
    0.06    6344.6      4.36
    0.07    6342.7      4.61
    0.08    6338.8      5.12
    0.10    6334.9      5.63
    0.11    6331.0      6.15
    0.12    6326.0      6.80
    0.14    6321.0      7.46
    0.16    6316.0      8.11
    0.17    6311.0      8.77
    0.20    6301.0     10.08
    0.24    6291.0     11.39
    0.28    6277.5     13.17
    0.33    6264.0     14.94
    0.33    6263.3     15.04
    0.35    6256.0     16.00
    0.38    6247.2     17.16
    0.41    6238.5     18.31
    0.47    6221.0     20.62
    0.52    6203.5     22.94
    0.58    6186.0     25.26
    0.64    6168.5     27.59
    0.70    6151.0     29.91
    0.71    6148.8     30.19
    0.72    6146.5     30.47
    0.73    6142.1     31.03
    0.77    6133.1     32.15
    0.77    6130.6     32.46
    0.78    6128.2     32.77
    0.82    6117.1     34.15
    0.85    6111.6     34.84
    0.87    6106.0     35.53
    0.91    6093.3     37.12
    0.96    6080.5     38.71
    1.04    6061.0     41.12
    1.04    6060.1     41.23
    1.04    6059.2     41.34
    1.13    6037.7     43.99
    1.21    6016.0     46.66
    1.27    6001.4     48.45
    1.34    5984.5     50.52
    1.39    5971.0     52.17
    1.43    5962.3     53.21
    1.47    5953.5     54.26
    1.54    5935.6     56.37
    1.56    5932.7     56.71
    1.58    5926.9     57.39
    1.61    5921.0     58.08
    1.67    5906.2     59.81
    1.74    5891.1     61.56
    1.83    5871.0     63.88
    1.88    5861.7     64.94
    1.91    5855.1     65.70
    1.94    5848.3     66.47
    2.01    5834.8     68.01
    2.07    5821.0     69.57
    2.08    5820.4     69.63
    2.12    5812.3     70.54
    2.16    5804.2     71.46
    2.24    5787.7     73.30
    2.32    5771.0     75.16
    2.36    5764.6     75.87
    2.39    5758.2     76.58
    2.46    5745.3     78.00
    2.48    5740.7     78.52
    2.51    5736.0     79.04
    2.60    5718.5     80.97
    2.69    5701.0     82.90
    2.71    5697.6     83.27
    2.73    5694.2     83.63
    2.79    5683.3     84.80
    2.86    5672.2     85.97
    2.99    5650.0     88.34
    3.15    5623.1     91.20
    3.29    5600.0     93.63
    3.41    5581.1     95.62
    3.53    5562.1     97.63
    3.61    5550.0     98.90
    3.64    5544.0     99.54
    3.68    5537.9    100.18
    3.81    5519.0    102.17
    3.87    5509.5    103.17
    3.93    5500.0    104.17
    4.08    5477.4    106.55
    4.23    5454.7    108.94
    4.28    5447.9    109.65
    4.35    5437.6    110.73
    4.36    5436.5    110.86
    4.37    5435.3    110.98
    4.38    5433.0    111.23
    4.41    5428.3    111.72
    4.45    5423.6    112.21
    4.48    5418.9    112.71
    4.51    5414.2    113.20
    4.55    5409.5    113.70
    4.61    5400.0    114.69
    4.70    5387.1    116.05
    4.80    5374.1    117.41
    4.89    5361.1    118.78
    4.98    5348.1    120.15
    5.07    5336.1    121.41
    5.16    5324.1    122.67
    5.34    5300.0    125.21
    5.57    5270.3    128.34
    5.80    5240.3    131.50
    5.96    5220.2    133.62
    6.12    5200.0    135.75
    6.31    5176.9    138.19
    6.56    5146.9    141.37
    6.81    5116.6    144.58
    6.82    5115.0    144.75
    6.84    5113.5    144.91
    6.86    5110.3    145.24
    6.92    5104.1    145.90
    6.95    5100.0    146.34
    7.03    5091.5    147.24
    7.25    5066.1    149.95
    7.58    5028.8    153.91
    7.85    5000.0    156.99
    7.93    4991.1    157.94
    8.32    4950.6    162.30
    8.51    4930.1    164.50
    8.72    4909.6    166.71
    8.81    4900.0    167.75
    9.09    4872.3    170.75
    9.28    4853.4    172.80
    9.48    4834.5    174.86
    9.85    4800.0    178.63
    9.91    4794.4    179.25
   10.13    4774.0    181.49
   10.36    4753.5    183.74
   10.78    4716.4    187.85
   10.97    4700.0    189.68
   11.22    4678.8    192.05
   11.68    4640.8    196.32
   11.91    4621.6    198.48
   12.15    4602.4    200.66
   12.19    4600.0    200.93
   12.66    4563.5    205.10
   12.91    4544.0    207.35
   13.18    4524.3    209.62
   13.51    4500.0    212.45
   13.72    4484.7    214.24
   14.30    4444.7    218.96
   14.37    4439.7    219.55
   14.96    4400.0    224.30
   15.29    4378.9    226.85
   15.40    4371.6    227.74
   15.97    4335.9    232.11
   16.57    4300.0    236.56
   17.25    4260.5    241.54
   17.96    4220.8    246.65
   18.16    4210.4    248.01
   18.35    4200.0    249.37
   19.32    4150.2    256.00
   19.84    4125.1    259.44
   20.36    4100.0    262.89
   20.59    4089.4    264.37
   20.78    4080.8    265.58
   20.97    4072.3    266.79
   21.79    4036.2    271.99
   22.23    4018.2    274.66
   22.67    4000.0    277.39
   23.61    3963.2    283.05
   24.12    3944.6    286.02
   24.63    3926.1    288.98
   25.00    3913.1    291.13
   25.38    3900.0    293.32
   26.16    3875.1    297.67
   26.94    3850.2    302.02
   27.82    3825.1    306.79
   28.71    3800.0    311.55
   29.06    3790.8    313.41
   29.22    3786.6    314.26
   29.38    3782.4    315.13
   30.25    3761.9    319.60
   31.12    3741.3    324.07
   31.80    3727.6    327.48
   32.48    3713.8    330.89
   33.16    3700.0    334.30
   34.12    3685.3    338.96
   35.09    3670.5    343.62
   36.05    3655.8    348.28
   37.02    3641.0    352.94
   37.98    3630.0    357.47
   38.75    3622.5    361.06
   39.52    3615.0    364.66
   40.50    3607.5    369.21
   41.48    3600.0    373.76
   42.40    3597.0    377.98
   43.32    3594.1    382.20
   44.24    3591.1    386.41
   45.16    3588.2    390.63
   46.08    3585.2    394.84
   47.00    3582.3    399.06
   47.92    3585.2    403.27
   48.84    3588.2    407.49
   49.76    3591.1    411.70
   50.68    3594.1    415.92
   51.60    3597.0    420.13
   52.52    3600.0    424.35
   53.50    3607.5    428.90
   54.48    3615.0    433.45
   55.25    3622.5    437.05
   56.02    3630.0    440.64
   56.98    3641.0    445.17
   57.95    3655.8    449.83
   58.91    3670.5    454.49
   59.88    3685.3    459.15
   60.84    3700.0    463.81
   61.52    3713.8    467.22
   62.20    3727.6    470.63
   62.88    3741.3    474.04
   63.75    3761.9    478.51
   64.62    3782.4    482.99
   64.78    3786.6    483.85
   64.94    3790.8    484.70
   65.29    3800.0    486.56
   66.18    3825.1    491.32
   67.06    3850.2    496.09
   67.84    3875.1    500.44
   68.62    3900.0    504.79
   69.00    3913.1    506.98
   69.37    3926.1    509.13
   69.88    3944.6    512.09
   70.39    3963.2    515.06
   71.33    4000.0    520.72
   71.77    4018.2    523.45
   72.21    4036.2    526.12
   73.03    4072.3    531.32
   73.22    4080.8    532.53
   73.41    4089.4    533.74
   73.64    4100.0    535.22
   74.16    4125.1    538.67
   74.68    4150.2    542.12
   75.65    4200.0    548.74
   75.84    4210.4    550.10
   76.04    4220.8    551.46
   76.75    4260.5    556.57
   77.43    4300.0    561.55
   78.03    4335.9    566.00
   78.60    4371.6    570.37
   78.71    4378.9    571.27
   79.04    4400.0    573.81
   79.63    4439.7    578.56
   79.70    4444.7    579.15
   80.28    4484.7    583.87
   80.49    4500.0    585.66
   80.82    4524.3    588.49
   81.09    4544.0    590.76
   81.34    4563.5    593.01
   81.81    4600.0    597.18
   81.85    4602.4    597.45
   82.09    4621.6    599.63
   82.32    4640.8    601.79
   82.78    4678.8    606.07
   83.03    4700.0    608.43
   83.22    4716.4    610.26
   83.64    4753.5    614.37
   83.87    4774.0    616.62
   84.09    4794.4    618.86
   84.15    4800.0    619.48
   84.52    4834.5    623.25
   84.72    4853.4    625.31
   84.91    4872.3    627.36
   85.19    4900.0    630.36
   85.28    4909.6    631.40
   85.49    4930.1    633.62
   85.68    4950.6    635.81
   86.07    4991.1    640.17
   86.15    5000.0    641.12
   86.42    5028.8    644.20
   86.75    5066.1    648.17
   86.97    5091.5    650.87
   87.05    5100.0    651.77
   87.08    5104.1    652.21
   87.14    5110.3    652.87
   87.16    5113.5    653.20
   87.18    5115.0    653.37
   87.19    5116.6    653.53
   87.44    5146.9    656.74
   87.69    5176.9    659.92
   87.88    5200.0    662.36
   88.04    5220.2    664.49
   88.20    5240.3    666.62
   88.43    5270.3    669.77
   88.66    5300.0    672.90
   88.84    5324.1    675.44
   88.93    5336.1    676.70
   89.02    5348.1    677.96
   89.11    5361.1    679.33
   89.20    5374.1    680.70
   89.30    5387.1    682.06
   89.39    5400.0    683.42
   89.45    5409.5    684.41
   89.49    5414.2    684.91
   89.52    5418.9    685.40
   89.55    5423.6    685.90
   89.59    5428.3    686.39
   89.62    5433.0    686.89
   89.63    5435.3    687.13
   89.64    5436.5    687.25
   89.65    5437.6    687.38
   89.72    5447.9    688.46
   89.77    5454.7    689.17
   89.92    5477.4    691.56
   90.07    5500.0    693.94
   90.13    5509.5    694.94
   90.19    5519.0    695.94
   90.32    5537.9    697.93
   90.36    5544.0    698.57
   90.39    5550.0    699.21
   90.47    5562.1    700.48
   90.59    5581.1    702.49
   90.71    5600.0    704.48
   90.85    5623.1    706.91
   91.01    5650.0    709.77
   91.14    5672.2    712.14
   91.21    5683.3    713.31
   91.27    5694.2    714.48
   91.29    5697.6    714.84
   91.31    5701.0    715.21
   91.40    5718.5    717.15
   91.49    5736.0    719.08
   91.52    5740.7    719.59
   91.54    5745.3    720.11
   91.61    5758.2    721.53
   91.64    5764.6    722.24
   91.68    5771.0    722.95
   91.76    5787.7    724.82
   91.84    5804.2    726.66
   91.88    5812.3    727.57
   91.92    5820.4    728.48
   91.93    5821.0    728.54
   91.99    5834.8    730.10
   92.06    5848.3    731.64
   92.09    5855.1    732.41
   92.12    5861.7    733.17
   92.17    5871.0    734.23
   92.26    5891.1    736.55
   92.33    5906.2    738.30
   92.39    5921.0    740.03
   92.42    5926.9    740.72
   92.44    5932.7    741.40
   92.46    5935.6    741.74
   92.53    5953.5    743.85
   92.57    5962.3    744.90
   92.61    5971.0    745.94
   92.66    5984.5    747.59
   92.73    6001.4    749.66
   92.79    6016.0    751.45
   92.87    6037.7    754.12
   92.96    6059.2    756.77
   92.96    6060.1    756.88
   92.96    6061.0    756.99
   93.04    6080.5    759.40
   93.09    6093.3    760.99
   93.13    6106.0    762.58
   93.15    6111.6    763.27
   93.18    6117.1    763.96
   93.22    6128.2    765.34
   93.23    6130.6    765.65
   93.23    6133.1    765.96
   93.27    6142.1    767.08
   93.28    6146.5    767.64
   93.29    6148.8    767.92
   93.30    6151.0    768.20
   93.36    6168.5    770.52
   93.42    6186.0    772.85
   93.48    6203.5    775.17
   93.53    6221.0    777.49
   93.59    6238.5    779.80
   93.62    6247.2    780.95
   93.65    6256.0    782.11
   93.67    6263.3    783.07
   93.67    6264.0    783.17
   93.72    6277.5    784.94
   93.76    6291.0    786.72
   93.80    6301.0    788.03
   93.83    6311.0    789.34
   93.84    6316.0    790.00
   93.86    6321.0    790.65
   93.88    6326.0    791.31
   93.89    6331.0    791.97
   93.90    6334.9    792.48
   93.92    6338.8    792.99
   93.93    6342.7    793.50
   93.94    6344.6    793.75
   93.94    6346.6    794.01
   93.94    6346.9    794.05
   93.95    6351.4    794.75
   93.96    6353.7    795.10
   93.96    6354.9    795.27
   93.97    6356.0    795.45
   93.98    6363.5    796.78
   93.99    6367.3    797.45
   94.00    6369.1    797.78
   94.00    6370.1    797.94
   94.00    6371.0    798.11
