    0.00    6371.0      0.00
    0.00    6370.1      0.17
    0.00    6369.1      0.33
    0.01    6367.3      0.67
    0.02    6363.5      1.34
    0.04    6356.0      2.68
    0.04    6354.9      2.85
    0.04    6353.7      3.03
    0.05    6351.4      3.38
    0.06    6346.9      4.08
    0.06    6346.6      4.13
    0.07    6344.6      4.38
    0.08    6342.7      4.64
    0.09    6338.8      5.16
    0.10    6334.9      5.67
    0.12    6331.0      6.19
    0.13    6326.0      6.85
    0.15    6321.0      7.52
    0.17    6316.0      8.18
    0.19    6311.0      8.84
    0.22    6301.0     10.17
    0.26    6291.0     11.49
    0.31    6277.5     13.29
    0.35    6264.0     15.08
    0.36    6263.3     15.18
    0.38    6256.0     16.15
    0.41    6247.2     17.32
    0.45    6238.5     18.49
    0.51    6221.0     20.82
    0.57    6203.5     23.17
    0.64    6186.0     25.51
    0.70    6168.5     27.86
    0.76    6151.0     30.21
    0.77    6148.8     30.49
    0.78    6146.5     30.78
    0.80    6142.1     31.34
    0.83    6133.1     32.48
    0.84    6130.6     32.79
    0.85    6128.2     33.10
    0.90    6117.1     34.50
    0.92    6111.6     35.20
    0.94    6106.0     35.91
    1.00    6093.3     37.51
    1.05    6080.5     39.12
    1.13    6061.0     41.57
    1.14    6060.1     41.68
    1.14    6059.2     41.79
    1.23    6037.7     44.48
    1.32    6016.0     47.19
    1.39    6001.4     49.00
    1.46    5984.5     51.11
    1.52    5971.0     52.78
    1.56    5962.3     53.83
    1.60    5953.5     54.90
    1.69    5935.6     57.05
    1.70    5932.7     57.39
    1.73    5926.9     58.09
    1.76    5921.0     58.79
    1.83    5906.2     60.55
    1.90    5891.1     62.32
    2.01    5871.0     64.69
    2.05    5861.7     65.77
    2.09    5855.1     66.55
    2.12    5848.3     67.33
    2.19    5834.8     68.90
    2.27    5821.0     70.49
    2.27    5820.4     70.56
    2.31    5812.3     71.49
    2.36    5804.2     72.42
    2.45    5787.7     74.30
    2.54    5771.0     76.21
    2.58    5764.6     76.93
    2.62    5758.2     77.66
    2.69    5745.3     79.12
    2.72    5740.7     79.64
    2.75    5736.0     80.17
    2.85    5718.5     82.15
    2.95    5701.0     84.13
    2.97    5697.6     84.51
    2.99    5694.2     84.88
    3.06    5683.3     86.08
    3.13    5672.2     87.29
    3.28    5650.0     89.72
    3.46    5623.1     92.67
    3.62    5600.0     95.18
    3.75    5581.1     97.23
    3.88    5562.1     99.30
    3.97    5550.0    100.62
    4.01    5544.0    101.28
    4.05    5537.9    101.94
    4.19    5519.0    103.99
    4.26    5509.5    105.03
    4.33    5500.0    106.06
    4.50    5477.4    108.52
    4.67    5454.7    111.00
    4.72    5447.9    111.74
    4.80    5437.6    112.86
    4.81    5436.5    112.99
    4.82    5435.3    113.11
    4.83    5433.0    113.37
    4.87    5428.3    113.88
    4.91    5423.6    114.39
    4.94    5418.9    114.90
    4.98    5414.2    115.42
    5.02    5409.5    115.93
    5.09    5400.0    116.96
    5.19    5387.1    118.37
    5.30    5374.1    119.79
    5.40    5361.1    121.21
    5.51    5348.1    122.64
    5.61    5336.1    123.95
    5.71    5324.1    125.26
    5.91    5300.0    127.91
    6.16    5270.3    131.17
    6.42    5240.3    134.46
    6.60    5220.2    136.68
    6.79    5200.0    138.92
    7.00    5176.9    141.47
    7.28    5146.9    144.81
    7.57    5116.6    148.18
    7.58    5115.0    148.35
    7.60    5113.5    148.52
    7.63    5110.3    148.87
    7.69    5104.1    149.57
    7.73    5100.0    150.03
    7.81    5091.5    150.97
    8.07    5066.1    153.83
    8.45    5028.8    158.01
    8.75    5000.0    161.27
    8.84    4991.1    162.27
    9.28    4950.6    166.89
    9.51    4930.1    169.23
    9.74    4909.6    171.59
    9.85    4900.0    172.69
   10.17    4872.3    175.90
   10.40    4853.4    178.08
   10.62    4834.5    180.29
   11.05    4800.0    184.33
   11.12    4794.4    185.00
   11.38    4774.0    187.41
   11.64    4753.5    189.84
   12.13    4716.4    194.28
   12.35    4700.0    196.26
   12.65    4678.8    198.83
   13.19    4640.8    203.48
   13.46    4621.6    205.85
   13.75    4602.4    208.23
   13.79    4600.0    208.54
   14.34    4563.5    213.12
   14.65    4544.0    215.61
   14.97    4524.3    218.12
   15.37    4500.0    221.27
   15.62    4484.7    223.26
   16.32    4444.7    228.55
   16.40    4439.7    229.22
   17.13    4400.0    234.59
   17.53    4378.9    237.48
   17.67    4371.6    238.51
   18.37    4335.9    243.52
   19.12    4300.0    248.68
   19.98    4260.5    254.52
   20.89    4220.8    260.59
   21.14    4210.4    262.21
   21.40    4200.0    263.85
   22.04    4175.1    267.90
   22.68    4150.2    271.95
   23.38    4125.1    276.28
   24.09    4100.0    280.61
   24.41    4089.4    282.51
   24.67    4080.8    284.06
   24.93    4072.3    285.64
   25.52    4054.3    289.09
   26.11    4036.2    292.53
   26.74    4018.2    296.16
   27.41    4000.0    299.94
   28.14    3981.6    304.03
   28.88    3963.2    308.12
   29.72    3944.6    312.69
   30.56    3926.1    317.26
   31.22    3913.1    320.77
   31.92    3900.0    324.50
   32.75    3887.6    328.77
   33.57    3875.1    333.03
   34.40    3862.7    337.30
   35.22    3850.2    341.57
   36.19    3844.3    346.41
   37.17    3838.4    351.26
   38.14    3832.5    356.10
   39.11    3826.6    360.94
   40.08    3820.7    365.78
   41.06    3814.8    370.63
   42.03    3808.9    375.47
   43.00    3803.0    380.31
   43.97    3808.9    385.15
   44.94    3814.8    389.99
   45.92    3820.7    394.84
   46.89    3826.6    399.68
   47.86    3832.5    404.52
   48.83    3838.4    409.36
   49.81    3844.3    414.20
   50.78    3850.2    419.05
   51.60    3862.7    423.32
   52.43    3875.1    427.58
   53.25    3887.6    431.85
   54.08    3900.0    436.12
   54.78    3913.1    439.84
   55.44    3926.1    443.36
   56.28    3944.6    447.93
   57.12    3963.2    452.50
   57.86    3981.6    456.59
   58.59    4000.0    460.68
   59.26    4018.2    464.46
   59.89    4036.2    468.09
   60.48    4054.3    471.53
   61.07    4072.3    474.97
   61.33    4080.8    476.55
   61.59    4089.4    478.11
   61.91    4100.0    480.01
   62.62    4125.1    484.34
   63.32    4150.2    488.67
   63.96    4175.1    492.72
   64.60    4200.0    496.76
   64.86    4210.4    498.41
   65.11    4220.8    500.03
   66.02    4260.5    506.10
   66.88    4300.0    511.94
   67.63    4335.9    517.10
   68.33    4371.6    522.11
   68.47    4378.9    523.14
   68.87    4400.0    526.03
   69.60    4439.7    531.40
   69.68    4444.7    532.07
   70.38    4484.7    537.36
   70.63    4500.0    539.35
   71.03    4524.3    542.50
   71.35    4544.0    545.01
   71.66    4563.5    547.50
   72.21    4600.0    552.08
   72.25    4602.4    552.39
   72.54    4621.6    554.77
   72.81    4640.8    557.14
   73.35    4678.8    561.79
   73.65    4700.0    564.36
   73.87    4716.4    566.34
   74.36    4753.5    570.78
   74.62    4774.0    573.21
   74.88    4794.4    575.62
   74.95    4800.0    576.29
   75.38    4834.5    580.33
   75.60    4853.4    582.54
   75.83    4872.3    584.72
   76.15    4900.0    587.93
   76.26    4909.6    589.03
   76.49    4930.1    591.39
   76.72    4950.6    593.73
   77.16    4991.1    598.34
   77.25    5000.0    599.35
   77.55    5028.8    602.61
   77.93    5066.1    606.79
   78.19    5091.5    609.65
   78.27    5100.0    610.59
   78.31    5104.1    611.05
   78.37    5110.3    611.75
   78.40    5113.5    612.09
   78.42    5115.0    612.27
   78.43    5116.6    612.44
   78.72    5146.9    615.81
   79.00    5176.9    619.15
   79.21    5200.0    621.70
   79.40    5220.2    623.94
   79.58    5240.3    626.15
   79.84    5270.3    629.45
   80.09    5300.0    632.71
   80.30    5324.1    635.36
   80.39    5336.1    636.67
   80.49    5348.1    637.98
   80.60    5361.1    639.41
   80.70    5374.1    640.83
   80.81    5387.1    642.24
   80.91    5400.0    643.65
   80.98    5409.5    644.69
   81.02    5414.2    645.20
   81.06    5418.9    645.71
   81.09    5423.6    646.23
   81.13    5428.3    646.74
   81.17    5433.0    647.25
   81.19    5435.3    647.51
   81.19    5436.5    647.63
   81.20    5437.6    647.76
   81.28    5447.9    648.88
   81.33    5454.7    649.62
   81.50    5477.4    652.10
   81.67    5500.0    654.55
   81.74    5509.5    655.59
   81.81    5519.0    656.62
   81.95    5537.9    658.68
   81.99    5544.0    659.34
   82.03    5550.0    660.00
   82.12    5562.1    661.32
   82.25    5581.1    663.39
   82.38    5600.0    665.44
   82.54    5623.1    667.95
   82.72    5650.0    670.90
   82.87    5672.2    673.33
   82.94    5683.3    674.54
   83.01    5694.2    675.74
   83.03    5697.6    676.11
   83.05    5701.0    676.49
   83.15    5718.5    678.47
   83.25    5736.0    680.45
   83.28    5740.7    680.98
   83.31    5745.3    681.50
   83.38    5758.2    682.96
   83.42    5764.6    683.69
   83.46    5771.0    684.41
   83.55    5787.7    686.32
   83.64    5804.2    688.20
   83.69    5812.3    689.13
   83.73    5820.4    690.06
   83.73    5821.0    690.13
   83.81    5834.8    691.72
   83.88    5848.3    693.29
   83.91    5855.1    694.07
   83.95    5861.7    694.85
   83.99    5871.0    695.93
   84.10    5891.1    698.29
   84.17    5906.2    700.07
   84.24    5921.0    701.83
   84.27    5926.9    702.53
   84.30    5932.7    703.23
   84.31    5935.6    703.57
   84.40    5953.5    705.72
   84.44    5962.3    706.79
   84.48    5971.0    707.84
   84.54    5984.5    709.51
   84.61    6001.4    711.62
   84.68    6016.0    713.43
   84.77    6037.7    716.14
   84.86    6059.2    718.82
   84.86    6060.1    718.94
   84.87    6061.0    719.05
   84.95    6080.5    721.50
   85.00    6093.3    723.11
   85.06    6106.0    724.71
   85.08    6111.6    725.41
   85.10    6117.1    726.12
   85.15    6128.2    727.51
   85.16    6130.6    727.83
   85.17    6133.1    728.14
   85.20    6142.1    729.28
   85.22    6146.5    729.84
   85.23    6148.8    730.13
   85.24    6151.0    730.41
   85.30    6168.5    732.76
   85.36    6186.0    735.11
   85.43    6203.5    737.45
   85.49    6221.0    739.80
   85.55    6238.5    742.13
   85.59    6247.2    743.30
   85.62    6256.0    744.47
   85.64    6263.3    745.44
   85.65    6264.0    745.54
   85.69    6277.5    747.33
   85.74    6291.0    749.12
   85.78    6301.0    750.45
   85.81    6311.0    751.78
   85.83    6316.0    752.44
   85.85    6321.0    753.10
   85.87    6326.0    753.77
   85.88    6331.0    754.43
   85.90    6334.9    754.94
   85.91    6338.8    755.46
   85.92    6342.7    755.98
   85.93    6344.6    756.23
   85.94    6346.6    756.49
   85.94    6346.9    756.54
   85.95    6351.4    757.24
   85.96    6353.7    757.59
   85.96    6354.9    757.77
   85.96    6356.0    757.94
   85.98    6363.5    759.28
   85.99    6367.3    759.95
   86.00    6369.1    760.28
   86.00    6370.1    760.45
   86.00    6371.0    760.62
