    0.00    6371.0      0.00
    0.00    6370.1      0.18
    0.01    6369.1      0.36
    0.02    6367.3      0.72
    0.03    6363.5      1.44
    0.07    6356.0      2.89
    0.07    6354.9      3.09
    0.08    6353.7      3.28
    0.09    6351.4      3.68
    0.12    6346.9      4.46
    0.12    6346.6      4.51
    0.13    6344.6      4.82
    0.15    6342.7      5.13
    0.18    6338.8      5.75
    0.20    6334.9      6.36
    0.23    6331.0      6.98
    0.27    6326.0      7.77
    0.31    6321.0      8.57
    0.34    6316.0      9.36
    0.38    6311.0     10.15
    0.45    6301.0     11.74
    0.53    6291.0     13.33
    0.63    6277.5     15.48
    0.72    6264.0     17.64
    0.73    6263.3     17.76
    0.78    6256.0     18.92
    0.85    6247.2     20.32
    0.92    6238.5     21.72
    1.05    6221.0     24.53
    1.18    6203.5     27.35
    1.31    6186.0     30.17
    1.44    6168.5     33.00
    1.58    6151.0     35.83
    1.60    6148.8     36.18
    1.62    6146.5     36.54
    1.66    6142.1     37.25
    1.73    6133.1     38.69
    1.76    6130.6     39.08
    1.78    6128.2     39.48
    1.88    6117.1     41.25
    1.93    6111.6     42.14
    1.98    6106.0     43.03
    2.09    6093.3     45.08
    2.21    6080.5     47.14
    2.39    6061.0     50.28
    2.40    6060.1     50.42
    2.41    6059.2     50.57
    2.61    6037.7     54.05
    2.82    6016.0     57.58
    2.97    6001.4     59.95
    3.14    5984.5     62.73
    3.27    5971.0     64.94
    3.37    5962.3     66.38
    3.47    5953.5     67.85
    3.67    5935.6     70.83
    3.71    5932.7     71.31
    3.77    5926.9     72.30
    3.84    5921.0     73.29
    4.02    5906.2     75.80
    4.21    5891.1     78.38
    4.47    5871.0     81.87
    4.59    5861.7     83.49
    4.69    5855.1     84.67
    4.78    5848.3     85.86
    4.97    5834.8     88.29
    5.17    5821.0     90.78
    5.18    5820.4     90.89
    5.30    5812.3     92.37
    5.42    5804.2     93.87
    5.68    5787.7     96.97
    5.96    5771.0    100.18
    6.07    5764.6    101.42
    6.18    5758.2    102.68
    6.40    5745.3    105.21
    6.48    5740.7    106.14
    6.57    5736.0    107.07
    6.88    5718.5    110.59
    7.21    5701.0    114.18
    7.29    5697.6    115.00
    7.37    5694.2    115.84
    7.65    5683.3    118.57
    7.94    5672.2    121.41
    8.56    5650.0    127.44
    9.41    5623.1    135.45
   10.25    5600.0    143.16
   11.03    5581.1    150.25
   11.92    5562.1    158.26
   12.57    5550.0    164.04
   12.93    5544.0    167.21
   13.32    5537.9    170.63
   14.08    5528.5    177.21
   14.84    5519.0    183.78
   15.42    5514.3    188.78
   16.00    5509.5    193.78
   16.67    5507.4    199.49
   17.33    5505.3    205.20
   18.00    5503.2    210.90
   18.67    5505.3    216.61
   19.33    5507.4    222.32
   20.00    5509.5    228.03
   20.58    5514.3    233.03
   21.16    5519.0    238.02
   21.92    5528.5    244.60
   22.68    5537.9    251.18
   23.07    5544.0    254.59
   23.43    5550.0    257.76
   24.08    5562.1    263.54
   24.97    5581.1    271.56
   25.75    5600.0    278.65
   26.59    5623.1    286.36
   27.44    5650.0    294.36
   28.06    5672.2    300.40
   28.35    5683.3    303.23
   28.63    5694.2    305.97
   28.71    5697.6    306.80
   28.79    5701.0    307.63
   29.12    5718.5    311.22
   29.43    5736.0    314.74
   29.52    5740.7    315.67
   29.60    5745.3    316.59
   29.82    5758.2    319.13
   29.93    5764.6    320.38
   30.04    5771.0    321.63
   30.32    5787.7    324.84
   30.58    5804.2    327.93
   30.70    5812.3    329.44
   30.82    5820.4    330.91
   30.83    5821.0    331.02
   31.03    5834.8    333.52
   31.22    5848.3    335.95
   31.31    5855.1    337.14
   31.41    5861.7    338.31
   31.53    5871.0    339.94
   31.79    5891.1    343.43
   31.98    5906.2    346.00
   32.16    5921.0    348.52
   32.23    5926.9    349.51
   32.29    5932.7    350.49
   32.33    5935.6    350.97
   32.53    5953.5    353.96
   32.63    5962.3    355.42
   32.73    5971.0    356.87
   32.86    5984.5    359.08
   33.03    6001.4    361.86
   33.18    6016.0    364.23
   33.39    6037.7    367.76
   33.59    6059.2    371.23
   33.60    6060.1    371.38
   33.61    6061.0    371.53
   33.79    6080.5    374.67
   33.91    6093.3    376.73
   34.02    6106.0    378.77
   34.07    6111.6    379.67
   34.12    6117.1    380.56
   34.22    6128.2    382.33
   34.24    6130.6    382.72
   34.27    6133.1    383.12
   34.34    6142.1    384.55
   34.38    6146.5    385.27
   34.40    6148.8    385.62
   34.42    6151.0    385.98
   34.56    6168.5    388.81
   34.69    6186.0    391.64
   34.82    6203.5    394.46
   34.95    6221.0    397.28
   35.08    6238.5    400.08
   35.15    6247.2    401.48
   35.22    6256.0    402.89
   35.27    6263.3    404.05
   35.28    6264.0    404.17
   35.37    6277.5    406.32
   35.47    6291.0    408.47
   35.55    6301.0    410.06
   35.62    6311.0    411.65
   35.66    6316.0    412.45
   35.69    6321.0    413.24
   35.73    6326.0    414.03
   35.77    6331.0    414.82
   35.80    6334.9    415.44
   35.82    6338.8    416.06
   35.85    6342.7    416.68
   35.87    6344.6    416.98
   35.88    6346.6    417.29
   35.88    6346.9    417.34
   35.91    6351.4    418.13
   35.92    6353.7    418.52
   35.93    6354.9    418.72
   35.93    6356.0    418.92
   35.97    6363.5    420.36
   35.98    6367.3    421.08
   35.99    6369.1    421.44
   36.00    6370.1    421.63
   36.00    6371.0    421.81
