    0.00    6371.0      0.00
    0.00    6370.1      0.17
    0.00    6369.1      0.33
    0.01    6367.3      0.67
    0.02    6363.5      1.33
    0.03    6356.0      2.66
    0.04    6354.9      2.84
    0.04    6353.7      3.01
    0.05    6351.4      3.36
    0.06    6346.9      4.06
    0.06    6346.6      4.11
    0.06    6344.6      4.36
    0.07    6342.7      4.62
    0.08    6338.8      5.13
    0.10    6334.9      5.64
    0.11    6331.0      6.15
    0.13    6326.0      6.81
    0.14    6321.0      7.46
    0.16    6316.0      8.12
    0.17    6311.0      8.78
    0.21    6301.0     10.09
    0.24    6291.0     11.41
    0.28    6277.5     13.18
    0.33    6264.0     14.96
    0.33    6263.3     15.06
    0.36    6256.0     16.02
    0.38    6247.2     17.18
    0.41    6238.5     18.33
    0.47    6221.0     20.65
    0.53    6203.5     22.97
    0.59    6186.0     25.29
    0.65    6168.5     27.62
    0.71    6151.0     29.94
    0.72    6148.8     30.22
    0.72    6146.5     30.50
    0.74    6142.1     31.06
    0.77    6133.1     32.19
    0.78    6130.6     32.50
    0.79    6128.2     32.81
    0.83    6117.1     34.19
    0.85    6111.6     34.88
    0.88    6106.0     35.58
    0.92    6093.3     37.16
    0.97    6080.5     38.76
    1.05    6061.0     41.17
    1.05    6060.1     41.28
    1.06    6059.2     41.39
    1.14    6037.7     44.05
    1.23    6016.0     46.72
    1.28    6001.4     48.51
    1.35    5984.5     50.59
    1.41    5971.0     52.24
    1.45    5962.3     53.28
    1.48    5953.5     54.33
    1.56    5935.6     56.45
    1.57    5932.7     56.78
    1.60    5926.9     57.47
    1.63    5921.0     58.16
    1.69    5906.2     59.89
    1.76    5891.1     61.64
    1.85    5871.0     63.97
    1.90    5861.7     65.04
    1.93    5855.1     65.80
    1.96    5848.3     66.57
    2.03    5834.8     68.11
    2.10    5821.0     69.67
    2.10    5820.4     69.74
    2.14    5812.3     70.65
    2.18    5804.2     71.56
    2.26    5787.7     73.41
    2.35    5771.0     75.28
    2.38    5764.6     75.99
    2.42    5758.2     76.70
    2.48    5745.3     78.13
    2.51    5740.7     78.65
    2.53    5736.0     79.16
    2.63    5718.5     81.10
    2.72    5701.0     83.04
    2.74    5697.6     83.41
    2.76    5694.2     83.77
    2.83    5683.3     84.94
    2.89    5672.2     86.12
    3.02    5650.0     88.50
    3.19    5623.1     91.36
    3.33    5600.0     93.81
    3.45    5581.1     95.81
    3.57    5562.1     97.81
    3.65    5550.0     99.09
    3.69    5544.0     99.74
    3.73    5537.9    100.38
    3.85    5519.0    102.38
    3.91    5509.5    103.38
    3.98    5500.0    104.39
    4.13    5477.4    106.77
    4.28    5454.7    109.17
    4.33    5447.9    109.89
    4.40    5437.6    110.97
    4.41    5436.5    111.09
    4.42    5435.3    111.22
    4.43    5433.0    111.47
    4.47    5428.3    111.96
    4.50    5423.6    112.46
    4.53    5418.9    112.95
    4.57    5414.2    113.45
    4.60    5409.5    113.95
    4.67    5400.0    114.95
    4.76    5387.1    116.31
    4.85    5374.1    117.68
    4.95    5361.1    119.05
    5.04    5348.1    120.43
    5.13    5336.1    121.70
    5.22    5324.1    122.96
    5.41    5300.0    125.51
    5.63    5270.3    128.65
    5.87    5240.3    131.83
    6.03    5220.2    133.96
    6.20    5200.0    136.10
    6.39    5176.9    138.55
    6.64    5146.9    141.75
    6.90    5116.6    144.98
    6.91    5115.0    145.14
    6.92    5113.5    145.31
    6.95    5110.3    145.64
    7.01    5104.1    146.31
    7.04    5100.0    146.75
    7.12    5091.5    147.65
    7.34    5066.1    150.37
    7.68    5028.8    154.36
    7.95    5000.0    157.46
    8.03    4991.1    158.42
    8.43    4950.6    162.80
    8.63    4930.1    165.02
    8.83    4909.6    167.25
    8.93    4900.0    168.29
    9.21    4872.3    171.32
    9.41    4853.4    173.38
    9.61    4834.5    175.45
    9.98    4800.0    179.25
   10.05    4794.4    179.88
   10.27    4774.0    182.13
   10.50    4753.5    184.41
   10.93    4716.4    188.55
   11.12    4700.0    190.39
   11.38    4678.8    192.78
   11.85    4640.8    197.09
   12.09    4621.6    199.27
   12.33    4602.4    201.47
   12.36    4600.0    201.75
   12.84    4563.5    205.96
   13.11    4544.0    208.24
   13.38    4524.3    210.53
   13.72    4500.0    213.39
   13.93    4484.7    215.20
   14.52    4444.7    219.98
   14.59    4439.7    220.58
   15.20    4400.0    225.39
   15.53    4378.9    227.97
   15.65    4371.6    228.87
   16.23    4335.9    233.30
   16.84    4300.0    237.83
   17.54    4260.5    242.89
   18.28    4220.8    248.08
   18.47    4210.4    249.46
   18.67    4200.0    250.85
   19.67    4150.2    257.60
   20.21    4125.1    261.13
   20.75    4100.0    264.65
   20.98    4089.4    266.16
   21.18    4080.8    267.40
   21.37    4072.3    268.65
   22.23    4036.2    273.98
   22.67    4018.2    276.72
   23.14    4000.0    279.52
   24.12    3963.2    285.37
   24.65    3944.6    288.44
   25.18    3926.1    291.51
   25.57    3913.1    293.74
   25.97    3900.0    296.01
   26.79    3875.1    300.56
   27.61    3850.2    305.11
   28.56    3825.1    310.15
   29.50    3800.0    315.18
   29.88    3790.8    317.16
   30.05    3786.6    318.08
   30.23    3782.4    319.00
   31.17    3761.9    323.84
   32.12    3741.3    328.68
   32.89    3727.6    332.48
   33.65    3713.8    336.28
   34.42    3700.0    340.08
   35.39    3688.2    344.71
   36.36    3676.4    349.34
   37.32    3664.6    353.97
   38.29    3652.8    358.60
   39.26    3641.0    363.23
   40.01    3635.5    366.75
   40.77    3630.0    370.28
   41.74    3626.3    374.76
   42.71    3622.5    379.25
   43.68    3618.8    383.73
   44.65    3615.0    388.22
   45.32    3614.5    391.34
   46.00    3613.9    394.47
   46.68    3614.5    397.59
   47.35    3615.0    400.71
   48.32    3618.8    405.20
   49.29    3622.5    409.68
   50.26    3626.3    414.17
   51.23    3630.0    418.66
   51.99    3635.5    422.18
   52.74    3641.0    425.70
   53.71    3652.8    430.33
   54.68    3664.6    434.96
   55.64    3676.4    439.59
   56.61    3688.2    444.22
   57.58    3700.0    448.85
   58.35    3713.8    452.65
   59.11    3727.6    456.45
   59.88    3741.3    460.25
   60.83    3761.9    465.09
   61.77    3782.4    469.94
   61.95    3786.6    470.86
   62.12    3790.8    471.77
   62.50    3800.0    473.75
   63.44    3825.1    478.79
   64.39    3850.2    483.82
   65.21    3875.1    488.37
   66.03    3900.0    492.92
   66.43    3913.1    495.20
   66.82    3926.1    497.42
   67.35    3944.6    500.49
   67.88    3963.2    503.56
   68.86    4000.0    509.41
   69.33    4018.2    512.21
   69.77    4036.2    514.95
   70.63    4072.3    520.29
   70.82    4080.8    521.53
   71.02    4089.4    522.77
   71.25    4100.0    524.29
   71.79    4125.1    527.81
   72.33    4150.2    531.33
   73.33    4200.0    538.08
   73.53    4210.4    539.47
   73.72    4220.8    540.85
   74.46    4260.5    546.05
   75.16    4300.0    551.11
   75.77    4335.9    555.63
   76.35    4371.6    560.06
   76.47    4378.9    560.97
   76.80    4400.0    563.55
   77.41    4439.7    568.35
   77.48    4444.7    568.96
   78.07    4484.7    573.73
   78.28    4500.0    575.54
   78.62    4524.3    578.40
   78.89    4544.0    580.70
   79.16    4563.5    582.97
   79.64    4600.0    587.18
   79.67    4602.4    587.46
   79.91    4621.6    589.66
   80.15    4640.8    591.84
   80.62    4678.8    596.15
   80.88    4700.0    598.54
   81.07    4716.4    600.38
   81.50    4753.5    604.52
   81.73    4774.0    606.80
   81.95    4794.4    609.06
   82.02    4800.0    609.68
   82.39    4834.5    613.48
   82.59    4853.4    615.56
   82.79    4872.3    617.62
   83.07    4900.0    620.64
   83.17    4909.6    621.69
   83.37    4930.1    623.92
   83.57    4950.6    626.13
   83.97    4991.1    630.51
   84.05    5000.0    631.47
   84.32    5028.8    634.57
   84.66    5066.1    638.56
   84.88    5091.5    641.28
   84.96    5100.0    642.19
   84.99    5104.1    642.63
   85.05    5110.3    643.29
   85.08    5113.5    643.62
   85.09    5115.0    643.79
   85.10    5116.6    643.95
   85.36    5146.9    647.18
   85.61    5176.9    650.38
   85.80    5200.0    652.83
   85.97    5220.2    654.97
   86.13    5240.3    657.11
   86.37    5270.3    660.28
   86.59    5300.0    663.42
   86.78    5324.1    665.97
   86.87    5336.1    667.24
   86.96    5348.1    668.50
   87.05    5361.1    669.88
   87.15    5374.1    671.25
   87.24    5387.1    672.62
   87.33    5400.0    673.99
   87.40    5409.5    674.98
   87.43    5414.2    675.48
   87.47    5418.9    675.98
   87.50    5423.6    676.48
   87.53    5428.3    676.97
   87.57    5433.0    677.47
   87.58    5435.3    677.71
   87.59    5436.5    677.84
   87.60    5437.6    677.96
   87.67    5447.9    679.05
   87.72    5454.7    679.76
   87.87    5477.4    682.16
   88.02    5500.0    684.55
   88.09    5509.5    685.55
   88.15    5519.0    686.56
   88.27    5537.9    688.55
   88.31    5544.0    689.20
   88.35    5550.0    689.84
   88.43    5562.1    691.12
   88.55    5581.1    693.13
   88.67    5600.0    695.13
   88.81    5623.1    697.57
   88.98    5650.0    700.44
   89.11    5672.2    702.81
   89.17    5683.3    703.99
   89.24    5694.2    705.16
   89.26    5697.6    705.53
   89.28    5701.0    705.89
   89.37    5718.5    707.83
   89.47    5736.0    709.77
   89.49    5740.7    710.29
   89.52    5745.3    710.80
   89.58    5758.2    712.23
   89.62    5764.6    712.94
   89.65    5771.0    713.66
   89.74    5787.7    715.52
   89.82    5804.2    717.37
   89.86    5812.3    718.28
   89.90    5820.4    719.19
   89.90    5821.0    719.26
   89.97    5834.8    720.82
   90.04    5848.3    722.37
   90.07    5855.1    723.13
   90.10    5861.7    723.90
   90.15    5871.0    724.96
   90.24    5891.1    727.29
   90.31    5906.2    729.04
   90.37    5921.0    730.77
   90.40    5926.9    731.46
   90.43    5932.7    732.15
   90.44    5935.6    732.49
   90.52    5953.5    734.60
   90.55    5962.3    735.65
   90.59    5971.0    736.69
   90.65    5984.5    738.34
   90.72    6001.4    740.42
   90.77    6016.0    742.21
   90.86    6037.7    744.88
   90.94    6059.2    747.54
   90.95    6060.1    747.65
   90.95    6061.0    747.76
   91.03    6080.5    750.18
   91.08    6093.3    751.77
   91.12    6106.0    753.36
   91.15    6111.6    754.05
   91.17    6117.1    754.74
   91.21    6128.2    756.13
   91.22    6130.6    756.44
   91.23    6133.1    756.74
   91.26    6142.1    757.87
   91.28    6146.5    758.43
   91.28    6148.8    758.71
   91.29    6151.0    758.99
   91.35    6168.5    761.32
   91.41    6186.0    763.64
   91.47    6203.5    765.96
   91.53    6221.0    768.29
   91.59    6238.5    770.60
   91.62    6247.2    771.76
   91.64    6256.0    772.91
   91.67    6263.3    773.87
   91.67    6264.0    773.97
   91.72    6277.5    775.75
   91.76    6291.0    777.53
   91.79    6301.0    778.84
   91.83    6311.0    780.16
   91.84    6316.0    780.81
   91.86    6321.0    781.47
   91.87    6326.0    782.13
   91.89    6331.0    782.78
   91.90    6334.9    783.29
   91.92    6338.8    783.80
   91.93    6342.7    784.32
   91.94    6344.6    784.57
   91.94    6346.6    784.83
   91.94    6346.9    784.87
   91.95    6351.4    785.57
   91.96    6353.7    785.92
   91.96    6354.9    786.09
   91.97    6356.0    786.27
   91.98    6363.5    787.60
   91.99    6367.3    788.27
   92.00    6369.1    788.60
   92.00    6370.1    788.77
   92.00    6371.0    788.93
