    0.00    6371.0      0.00
    0.00    6370.1      0.17
    0.00    6369.1      0.33
    0.01    6367.3      0.67
    0.02    6363.5      1.33
    0.03    6356.0      2.66
    0.04    6354.9      2.84
    0.04    6353.7      3.01
    0.04    6351.4      3.36
    0.06    6346.9      4.06
    0.06    6346.6      4.10
    0.06    6344.6      4.35
    0.07    6342.7      4.61
    0.08    6338.8      5.12
    0.09    6334.9      5.63
    0.11    6331.0      6.14
    0.12    6326.0      6.79
    0.14    6321.0      7.45
    0.15    6316.0      8.10
    0.17    6311.0      8.76
    0.20    6301.0     10.07
    0.23    6291.0     11.38
    0.28    6277.5     13.15
    0.32    6264.0     14.92
    0.32    6263.3     15.02
    0.35    6256.0     15.98
    0.37    6247.2     17.13
    0.40    6238.5     18.29
    0.46    6221.0     20.59
    0.52    6203.5     22.91
    0.57    6186.0     25.22
    0.63    6168.5     27.55
    0.69    6151.0     29.87
    0.70    6148.8     30.14
    0.71    6146.5     30.42
    0.72    6142.1     30.98
    0.75    6133.1     32.10
    0.76    6130.6     32.41
    0.77    6128.2     32.72
    0.81    6117.1     34.10
    0.83    6111.6     34.79
    0.85    6106.0     35.48
    0.90    6093.3     37.06
    0.95    6080.5     38.65
    1.02    6061.0     41.05
    1.03    6060.1     41.16
    1.03    6059.2     41.28
    1.11    6037.7     43.92
    1.20    6016.0     46.58
    1.25    6001.4     48.37
    1.32    5984.5     50.44
    1.37    5971.0     52.08
    1.41    5962.3     53.12
    1.45    5953.5     54.16
    1.52    5935.6     56.27
    1.53    5932.7     56.61
    1.56    5926.9     57.29
    1.59    5921.0     57.98
    1.65    5906.2     59.70
    1.72    5891.1     61.44
    1.81    5871.0     63.76
    1.85    5861.7     64.82
    1.88    5855.1     65.58
    1.91    5848.3     66.34
    1.98    5834.8     67.88
    2.04    5821.0     69.43
    2.05    5820.4     69.50
    2.08    5812.3     70.40
    2.12    5804.2     71.31
    2.21    5787.7     73.15
    2.29    5771.0     75.00
    2.32    5764.6     75.71
    2.36    5758.2     76.42
    2.42    5745.3     77.84
    2.44    5740.7     78.35
    2.47    5736.0     78.87
    2.56    5718.5     80.79
    2.65    5701.0     82.72
    2.67    5697.6     83.08
    2.69    5694.2     83.45
    2.75    5683.3     84.61
    2.82    5672.2     85.78
    2.94    5650.0     88.14
    3.10    5623.1     90.98
    3.24    5600.0     93.41
    3.36    5581.1     95.39
    3.47    5562.1     97.38
    3.55    5550.0     98.65
    3.59    5544.0     99.29
    3.63    5537.9     99.93
    3.75    5519.0    101.91
    3.81    5509.5    102.90
    3.87    5500.0    103.90
    4.02    5477.4    106.26
    4.17    5454.7    108.64
    4.21    5447.9    109.35
    4.28    5437.6    110.42
    4.29    5436.5    110.55
    4.30    5435.3    110.67
    4.31    5433.0    110.91
    4.34    5428.3    111.40
    4.38    5423.6    111.90
    4.41    5418.9    112.39
    4.44    5414.2    112.88
    4.47    5409.5    113.37
    4.54    5400.0    114.36
    4.63    5387.1    115.71
    4.72    5374.1    117.07
    4.81    5361.1    118.43
    4.90    5348.1    119.79
    4.99    5336.1    121.04
    5.08    5324.1    122.30
    5.25    5300.0    124.82
    5.48    5270.3    127.93
    5.70    5240.3    131.07
    5.86    5220.2    133.17
    6.02    5200.0    135.30
    6.20    5176.9    137.72
    6.45    5146.9    140.88
    6.70    5116.6    144.06
    6.71    5115.0    144.23
    6.72    5113.5    144.39
    6.75    5110.3    144.72
    6.80    5104.1    145.37
    6.84    5100.0    145.81
    6.91    5091.5    146.70
    7.13    5066.1    149.39
    7.45    5028.8    153.33
    7.71    5000.0    156.38
    7.79    4991.1    157.32
    8.17    4950.6    161.64
    8.37    4930.1    163.82
    8.56    4909.6    166.02
    8.66    4900.0    167.05
    8.93    4872.3    170.02
    9.12    4853.4    172.05
    9.31    4834.5    174.09
    9.67    4800.0    177.83
    9.73    4794.4    178.44
    9.95    4774.0    180.65
   10.17    4753.5    182.89
   10.58    4716.4    186.95
   10.77    4700.0    188.76
   11.01    4678.8    191.10
   11.46    4640.8    195.32
   11.69    4621.6    197.45
   11.92    4602.4    199.61
   11.95    4600.0    199.88
   12.41    4563.5    203.99
   12.66    4544.0    206.21
   12.92    4524.3    208.45
   13.24    4500.0    211.24
   13.45    4484.7    213.00
   14.01    4444.7    217.65
   14.08    4439.7    218.24
   14.66    4400.0    222.91
   14.97    4378.9    225.41
   15.08    4371.6    226.29
   15.64    4335.9    230.58
   16.21    4300.0    234.95
   16.87    4260.5    239.83
   17.56    4220.8    244.83
   17.75    4210.4    246.16
   17.94    4200.0    247.49
   18.87    4150.2    253.95
   19.37    4125.1    257.31
   19.87    4100.0    260.66
   20.09    4089.4    262.10
   20.27    4080.8    263.28
   20.46    4072.3    264.46
   21.24    4036.2    269.50
   21.66    4018.2    272.08
   22.08    4000.0    274.71
   22.98    3963.2    280.16
   23.93    3926.1    285.85
   24.29    3913.1    287.90
   24.65    3900.0    289.99
   25.38    3875.1    294.11
   26.11    3850.2    298.24
   26.92    3825.1    302.71
   27.74    3800.0    307.18
   28.07    3790.8    308.91
   28.21    3786.6    309.70
   28.36    3782.4    310.50
   29.15    3761.9    314.60
   29.93    3741.3    318.69
   30.83    3720.7    323.26
   31.73    3700.0    327.82
   32.52    3685.3    331.70
   33.31    3670.5    335.57
   34.11    3655.8    339.44
   34.90    3641.0    343.32
   35.61    3630.0    346.73
   36.14    3622.5    349.24
   36.67    3615.0    351.75
   37.26    3607.5    354.53
   37.85    3600.0    357.30
   38.85    3590.5    361.87
   39.84    3581.1    366.45
   40.83    3571.6    371.03
   41.82    3562.2    375.60
   42.70    3559.0    379.60
   43.59    3555.9    383.60
   44.47    3552.7    387.60
   45.35    3549.6    391.60
   46.23    3546.5    395.60
   47.12    3543.3    399.60
   48.00    3540.2    403.59
   48.88    3543.3    407.59
   49.77    3546.5    411.59
   50.65    3549.6    415.59
   51.53    3552.7    419.59
   52.41    3555.9    423.59
   53.30    3559.0    427.59
   54.18    3562.2    431.58
   55.17    3571.6    436.16
   56.16    3581.1    440.74
   57.15    3590.5    445.32
   58.15    3600.0    449.89
   58.74    3607.5    452.66
   59.33    3615.0    455.43
   59.86    3622.5    457.95
   60.39    3630.0    460.46
   61.10    3641.0    463.87
   61.89    3655.8    467.75
   62.69    3670.5    471.62
   63.48    3685.3    475.49
   64.27    3700.0    479.37
   65.17    3720.7    483.93
   66.07    3741.3    488.49
   66.85    3761.9    492.59
   67.64    3782.4    496.69
   67.79    3786.6    497.49
   67.93    3790.8    498.28
   68.26    3800.0    500.01
   69.08    3825.1    504.48
   69.89    3850.2    508.95
   70.62    3875.1    513.07
   71.35    3900.0    517.20
   71.71    3913.1    519.29
   72.07    3926.1    521.34
   73.02    3963.2    527.03
   73.92    4000.0    532.48
   74.34    4018.2    535.11
   74.76    4036.2    537.69
   75.54    4072.3    542.73
   75.73    4080.8    543.91
   75.91    4089.4    545.09
   76.13    4100.0    546.53
   76.63    4125.1    549.88
   77.13    4150.2    553.24
   78.06    4200.0    559.70
   78.25    4210.4    561.03
   78.44    4220.8    562.36
   79.13    4260.5    567.36
   79.79    4300.0    572.24
   80.36    4335.9    576.61
   80.92    4371.6    580.90
   81.03    4378.9    581.78
   81.34    4400.0    584.28
   81.92    4439.7    588.95
   81.99    4444.7    589.54
   82.55    4484.7    594.19
   82.76    4500.0    595.95
   83.08    4524.3    598.74
   83.34    4544.0    600.98
   83.59    4563.5    603.20
   84.05    4600.0    607.31
   84.08    4602.4    607.58
   84.31    4621.6    609.73
   84.54    4640.8    611.87
   84.99    4678.8    616.09
   85.23    4700.0    618.43
   85.42    4716.4    620.24
   85.83    4753.5    624.30
   86.05    4774.0    626.53
   86.27    4794.4    628.75
   86.33    4800.0    629.36
   86.69    4834.5    633.10
   86.88    4853.4    635.14
   87.07    4872.3    637.17
   87.34    4900.0    640.14
   87.44    4909.6    641.17
   87.63    4930.1    643.37
   87.83    4950.6    645.55
   88.21    4991.1    649.87
   88.29    5000.0    650.81
   88.55    5028.8    653.86
   88.87    5066.1    657.80
   89.09    5091.5    660.49
   89.16    5100.0    661.38
   89.20    5104.1    661.82
   89.25    5110.3    662.47
   89.28    5113.5    662.80
   89.29    5115.0    662.96
   89.30    5116.6    663.13
   89.55    5146.9    666.31
   89.80    5176.9    669.47
   89.98    5200.0    671.89
   90.14    5220.2    674.01
   90.30    5240.3    676.12
   90.52    5270.3    679.26
   90.75    5300.0    682.37
   90.92    5324.1    684.89
   91.01    5336.1    686.14
   91.10    5348.1    687.40
   91.19    5361.1    688.76
   91.28    5374.1    690.12
   91.37    5387.1    691.48
   91.46    5400.0    692.83
   91.53    5409.5    693.82
   91.56    5414.2    694.31
   91.59    5418.9    694.80
   91.62    5423.6    695.29
   91.66    5428.3    695.78
   91.69    5433.0    696.27
   91.70    5435.3    696.52
   91.71    5436.5    696.64
   91.72    5437.6    696.76
   91.79    5447.9    697.84
   91.83    5454.7    698.55
   91.98    5477.4    700.93
   92.13    5500.0    703.29
   92.19    5509.5    704.29
   92.25    5519.0    705.28
   92.37    5537.9    707.26
   92.41    5544.0    707.90
   92.45    5550.0    708.54
   92.53    5562.1    709.81
   92.64    5581.1    711.80
   92.76    5600.0    713.78
   92.90    5623.1    716.21
   93.06    5650.0    719.05
   93.18    5672.2    721.41
   93.25    5683.3    722.58
   93.31    5694.2    723.74
   93.33    5697.6    724.10
   93.35    5701.0    724.47
   93.44    5718.5    726.40
   93.53    5736.0    728.32
   93.56    5740.7    728.84
   93.58    5745.3    729.35
   93.65    5758.2    730.77
   93.68    5764.6    731.48
   93.71    5771.0    732.19
   93.79    5787.7    734.04
   93.88    5804.2    735.88
   93.92    5812.3    736.79
   93.95    5820.4    737.69
   93.96    5821.0    737.76
   94.02    5834.8    739.31
   94.09    5848.3    740.85
   94.12    5855.1    741.61
   94.15    5861.7    742.37
   94.19    5871.0    743.43
   94.28    5891.1    745.75
   94.35    5906.2    747.49
   94.42    5921.0    749.21
   94.44    5926.9    749.90
   94.47    5932.7    750.58
   94.48    5935.6    750.92
   94.55    5953.5    753.03
   94.59    5962.3    754.07
   94.63    5971.0    755.11
   94.68    5984.5    756.75
   94.75    6001.4    758.82
   94.80    6016.0    760.60
   94.89    6037.7    763.27
   94.97    6059.2    765.91
   94.97    6060.1    766.02
   94.98    6061.0    766.14
   95.05    6080.5    768.54
   95.10    6093.3    770.13
   95.15    6106.0    771.71
   95.17    6111.6    772.40
   95.19    6117.1    773.09
   95.23    6128.2    774.47
   95.24    6130.6    774.78
   95.25    6133.1    775.09
   95.28    6142.1    776.21
   95.29    6146.5    776.77
   95.30    6148.8    777.04
   95.31    6151.0    777.32
   95.37    6168.5    779.64
   95.43    6186.0    781.97
   95.48    6203.5    784.28
   95.54    6221.0    786.59
   95.60    6238.5    788.90
   95.63    6247.2    790.05
   95.65    6256.0    791.21
   95.68    6263.3    792.17
   95.68    6264.0    792.27
   95.72    6277.5    794.04
   95.77    6291.0    795.81
   95.80    6301.0    797.12
   95.83    6311.0    798.43
   95.85    6316.0    799.09
   95.86    6321.0    799.74
   95.88    6326.0    800.40
   95.89    6331.0    801.05
   95.91    6334.9    801.56
   95.92    6338.8    802.07
   95.93    6342.7    802.58
   95.94    6344.6    802.83
   95.94    6346.6    803.09
   95.94    6346.9    803.13
   95.96    6351.4    803.83
   95.96    6353.7    804.18
   95.96    6354.9    804.35
   95.97    6356.0    804.53
   95.98    6363.5    805.86
   95.99    6367.3    806.52
   96.00    6369.1    806.86
   96.00    6370.1    807.02
   96.00    6371.0    807.19
