    0.00    6371.0      0.00
    0.00    6370.1      0.17
    0.00    6369.1      0.33
    0.01    6367.3      0.66
    0.02    6363.5      1.33
    0.03    6356.0      2.66
    0.04    6354.9      2.83
    0.04    6353.7      3.01
    0.04    6351.4      3.36
    0.06    6346.9      4.05
    0.06    6346.6      4.10
    0.06    6344.6      4.35
    0.07    6342.7      4.60
    0.08    6338.8      5.11
    0.09    6334.9      5.62
    0.10    6331.0      6.13
    0.12    6326.0      6.78
    0.14    6321.0      7.44
    0.15    6316.0      8.09
    0.17    6311.0      8.74
    0.20    6301.0     10.05
    0.23    6291.0     11.36
    0.27    6277.5     13.13
    0.32    6264.0     14.90
    0.32    6263.3     15.00
    0.34    6256.0     15.95
    0.37    6247.2     17.11
    0.40    6238.5     18.26
    0.45    6221.0     20.56
    0.51    6203.5     22.87
    0.57    6186.0     25.18
    0.62    6168.5     27.50
    0.68    6151.0     29.81
    0.69    6148.8     30.09
    0.69    6146.5     30.37
    0.71    6142.1     30.93
    0.74    6133.1     32.05
    0.75    6130.6     32.35
    0.76    6128.2     32.66
    0.80    6117.1     34.04
    0.82    6111.6     34.72
    0.84    6106.0     35.42
    0.89    6093.3     36.99
    0.93    6080.5     38.58
    1.01    6061.0     40.97
    1.01    6060.1     41.09
    1.01    6059.2     41.20
    1.09    6037.7     43.84
    1.18    6016.0     46.49
    1.23    6001.4     48.27
    1.30    5984.5     50.34
    1.35    5971.0     51.97
    1.39    5962.3     53.01
    1.42    5953.5     54.05
    1.50    5935.6     56.15
    1.51    5932.7     56.49
    1.53    5926.9     57.17
    1.56    5921.0     57.86
    1.62    5906.2     59.57
    1.69    5891.1     61.31
    1.78    5871.0     63.62
    1.82    5861.7     64.68
    1.85    5855.1     65.43
    1.88    5848.3     66.19
    1.94    5834.8     67.73
    2.01    5821.0     69.27
    2.01    5820.4     69.34
    2.05    5812.3     70.24
    2.09    5804.2     71.15
    2.17    5787.7     72.98
    2.25    5771.0     74.82
    2.28    5764.6     75.53
    2.31    5758.2     76.23
    2.38    5745.3     77.65
    2.40    5740.7     78.16
    2.43    5736.0     78.67
    2.51    5718.5     80.59
    2.61    5701.0     82.51
    2.62    5697.6     82.87
    2.64    5694.2     83.23
    2.70    5683.3     84.39
    2.77    5672.2     85.56
    2.89    5650.0     87.90
    3.05    5623.1     90.73
    3.18    5600.0     93.15
    3.30    5581.1     95.12
    3.41    5562.1     97.10
    3.49    5550.0     98.36
    3.52    5544.0     99.00
    3.56    5537.9     99.63
    3.68    5519.0    101.60
    3.74    5509.5    102.59
    3.80    5500.0    103.58
    3.94    5477.4    105.93
    4.09    5454.7    108.29
    4.13    5447.9    109.00
    4.20    5437.6    110.07
    4.21    5436.5    110.19
    4.22    5435.3    110.31
    4.23    5433.0    110.55
    4.26    5428.3    111.04
    4.30    5423.6    111.53
    4.33    5418.9    112.02
    4.36    5414.2    112.51
    4.39    5409.5    113.00
    4.45    5400.0    113.98
    4.54    5387.1    115.32
    4.63    5374.1    116.67
    4.72    5361.1    118.02
    4.81    5348.1    119.38
    4.90    5336.1    120.62
    4.98    5324.1    121.87
    5.15    5300.0    124.37
    5.37    5270.3    127.46
    5.59    5240.3    130.57
    5.75    5220.2    132.67
    5.90    5200.0    134.77
    6.08    5176.9    137.17
    6.32    5146.9    140.31
    6.56    5116.6    143.47
    6.58    5115.0    143.63
    6.59    5113.5    143.79
    6.62    5110.3    144.12
    6.67    5104.1    144.77
    6.70    5100.0    145.20
    6.77    5091.5    146.09
    6.98    5066.1    148.75
    7.30    5028.8    152.65
    7.56    5000.0    155.68
    7.64    4991.1    156.61
    8.00    4950.6    160.89
    8.19    4930.1    163.05
    8.39    4909.6    165.22
    8.48    4900.0    166.24
    8.74    4872.3    169.19
    8.93    4853.4    171.19
    9.12    4834.5    173.21
    9.47    4800.0    176.91
    9.52    4794.4    177.51
    9.73    4774.0    179.70
    9.95    4753.5    181.91
   10.35    4716.4    185.93
   10.53    4700.0    187.71
   10.77    4678.8    190.02
   11.20    4640.8    194.18
   11.43    4621.6    196.29
   11.66    4602.4    198.41
   11.68    4600.0    198.68
   12.13    4563.5    202.73
   12.37    4544.0    204.92
   12.62    4524.3    207.12
   12.94    4500.0    209.87
   13.14    4484.7    211.60
   13.68    4444.7    216.17
   13.75    4439.7    216.74
   14.30    4400.0    221.33
   14.61    4378.9    223.79
   14.72    4371.6    224.65
   15.25    4335.9    228.85
   15.81    4300.0    233.13
   16.44    4260.5    237.91
   17.11    4220.8    242.79
   17.28    4210.4    244.08
   17.47    4200.0    245.37
   18.36    4150.2    251.67
   19.32    4100.0    258.18
   19.53    4089.4    259.58
   19.70    4080.8    260.71
   19.87    4072.3    261.86
   20.62    4036.2    266.72
   21.02    4018.2    269.21
   21.42    4000.0    271.74
   22.27    3963.2    276.98
   23.17    3926.1    282.42
   23.50    3913.1    284.37
   23.84    3900.0    286.36
   24.52    3875.1    290.26
   25.20    3850.2    294.17
   25.95    3825.1    298.36
   26.71    3800.0    302.54
   27.00    3790.8    304.15
   27.14    3786.6    304.88
   27.27    3782.4    305.62
   27.98    3761.9    309.38
   28.69    3741.3    313.14
   29.49    3720.7    317.24
   30.28    3700.0    321.35
   31.18    3680.3    325.78
   32.07    3660.7    330.22
   32.96    3641.0    334.66
   33.54    3630.0    337.44
   34.37    3615.0    341.42
   35.25    3600.0    345.64
   36.11    3587.4    349.65
   36.96    3574.8    353.67
   37.82    3562.2    357.69
   38.69    3552.7    361.66
   39.55    3543.2    365.62
   40.42    3533.8    369.58
   41.28    3524.3    373.55
   42.18    3518.2    377.59
   43.08    3512.1    381.63
   43.98    3506.1    385.67
   44.87    3500.0    389.71
   45.70    3498.1    393.38
   46.52    3496.1    397.05
   47.35    3494.2    400.73
   48.17    3492.3    404.40
   49.00    3490.4    408.07
   49.83    3492.3    411.74
   50.65    3494.2    415.42
   51.48    3496.1    419.09
   52.30    3498.1    422.76
   53.13    3500.0    426.43
   54.02    3506.1    430.47
   54.92    3512.1    434.51
   55.82    3518.2    438.55
   56.72    3524.3    442.59
   57.58    3533.8    446.56
   58.45    3543.2    450.52
   59.31    3552.7    454.48
   60.18    3562.2    458.45
   61.04    3574.8    462.47
   61.89    3587.4    466.49
   62.75    3600.0    470.51
   63.63    3615.0    474.72
   64.46    3630.0    478.70
   65.04    3641.0    481.48
   65.93    3660.7    485.92
   66.82    3680.3    490.36
   67.72    3700.0    494.80
   68.51    3720.7    498.90
   69.31    3741.3    503.00
   70.02    3761.9    506.76
   70.73    3782.4    510.53
   70.86    3786.6    511.26
   71.00    3790.8    512.00
   71.29    3800.0    513.60
   72.05    3825.1    517.79
   72.80    3850.2    521.97
   73.48    3875.1    525.88
   74.16    3900.0    529.78
   74.50    3913.1    531.77
   74.83    3926.1    533.72
   75.73    3963.2    539.16
   76.58    4000.0    544.40
   76.98    4018.2    546.93
   77.38    4036.2    549.42
   78.13    4072.3    554.29
   78.30    4080.8    555.43
   78.47    4089.4    556.57
   78.68    4100.0    557.96
   79.64    4150.2    564.47
   80.53    4200.0    570.77
   80.72    4210.4    572.07
   80.89    4220.8    573.36
   81.56    4260.5    578.24
   82.19    4300.0    583.01
   82.75    4335.9    587.29
   83.28    4371.6    591.49
   83.39    4378.9    592.36
   83.70    4400.0    594.81
   84.25    4439.7    599.40
   84.32    4444.7    599.97
   84.86    4484.7    604.54
   85.06    4500.0    606.27
   85.38    4524.3    609.02
   85.63    4544.0    611.22
   85.87    4563.5    613.41
   86.32    4600.0    617.46
   86.34    4602.4    617.73
   86.57    4621.6    619.85
   86.80    4640.8    621.96
   87.23    4678.8    626.13
   87.47    4700.0    628.44
   87.65    4716.4    630.22
   88.05    4753.5    634.23
   88.27    4774.0    636.44
   88.48    4794.4    638.63
   88.53    4800.0    639.24
   88.88    4834.5    642.93
   89.07    4853.4    644.95
   89.26    4872.3    646.95
   89.52    4900.0    649.90
   89.61    4909.6    650.92
   89.81    4930.1    653.09
   90.00    4950.6    655.25
   90.36    4991.1    659.53
   90.44    5000.0    660.46
   90.70    5028.8    663.49
   91.02    5066.1    667.39
   91.23    5091.5    670.06
   91.30    5100.0    670.94
   91.33    5104.1    671.37
   91.38    5110.3    672.02
   91.41    5113.5    672.35
   91.42    5115.0    672.51
   91.44    5116.6    672.67
   91.68    5146.9    675.83
   91.92    5176.9    678.97
   92.10    5200.0    681.37
   92.25    5220.2    683.48
   92.41    5240.3    685.57
   92.63    5270.3    688.68
   92.85    5300.0    691.77
   93.02    5324.1    694.28
   93.10    5336.1    695.52
   93.19    5348.1    696.76
   93.28    5361.1    698.12
   93.37    5374.1    699.47
   93.46    5387.1    700.82
   93.55    5400.0    702.16
   93.61    5409.5    703.14
   93.64    5414.2    703.63
   93.67    5418.9    704.12
   93.70    5423.6    704.61
   93.74    5428.3    705.10
   93.77    5433.0    705.59
   93.78    5435.3    705.83
   93.79    5436.5    705.95
   93.80    5437.6    706.07
   93.87    5447.9    707.14
   93.91    5454.7    707.85
   94.06    5477.4    710.21
   94.20    5500.0    712.56
   94.26    5509.5    713.55
   94.32    5519.0    714.54
   94.44    5537.9    716.51
   94.48    5544.0    717.15
   94.51    5550.0    717.78
   94.59    5562.1    719.04
   94.70    5581.1    721.02
   94.82    5600.0    723.00
   94.95    5623.1    725.41
   95.11    5650.0    728.24
   95.23    5672.2    730.59
   95.30    5683.3    731.75
   95.36    5694.2    732.91
   95.38    5697.6    733.27
   95.39    5701.0    733.63
   95.49    5718.5    735.55
   95.57    5736.0    737.47
   95.60    5740.7    737.98
   95.62    5745.3    738.49
   95.69    5758.2    739.91
   95.72    5764.6    740.61
   95.75    5771.0    741.32
   95.83    5787.7    743.17
   95.91    5804.2    744.99
   95.95    5812.3    745.90
   95.99    5820.4    746.80
   95.99    5821.0    746.87
   96.06    5834.8    748.42
   96.12    5848.3    749.95
   96.15    5855.1    750.71
   96.18    5861.7    751.47
   96.22    5871.0    752.52
   96.31    5891.1    754.83
   96.38    5906.2    756.57
   96.44    5921.0    758.29
   96.47    5926.9    758.97
   96.49    5932.7    759.65
   96.50    5935.6    759.99
   96.58    5953.5    762.09
   96.61    5962.3    763.13
   96.65    5971.0    764.17
   96.70    5984.5    765.80
   96.77    6001.4    767.87
   96.82    6016.0    769.65
   96.91    6037.7    772.30
   96.99    6059.2    774.94
   96.99    6060.1    775.06
   96.99    6061.0    775.17
   97.07    6080.5    777.57
   97.11    6093.3    779.15
   97.16    6106.0    780.73
   97.18    6111.6    781.42
   97.20    6117.1    782.11
   97.24    6128.2    783.48
   97.25    6130.6    783.79
   97.26    6133.1    784.10
   97.29    6142.1    785.21
   97.31    6146.5    785.77
   97.31    6148.8    786.05
   97.32    6151.0    786.33
   97.38    6168.5    788.64
   97.43    6186.0    790.96
   97.49    6203.5    793.27
   97.55    6221.0    795.58
   97.60    6238.5    797.88
   97.63    6247.2    799.04
   97.66    6256.0    800.19
   97.68    6263.3    801.14
   97.68    6264.0    801.24
   97.73    6277.5    803.01
   97.77    6291.0    804.78
   97.80    6301.0    806.09
   97.83    6311.0    807.40
   97.85    6316.0    808.05
   97.86    6321.0    808.70
   97.88    6326.0    809.36
   97.90    6331.0    810.01
   97.91    6334.9    810.52
   97.92    6338.8    811.03
   97.93    6342.7    811.54
   97.94    6344.6    811.79
   97.94    6346.6    812.05
   97.94    6346.9    812.09
   97.96    6351.4    812.79
   97.96    6353.7    813.13
   97.96    6354.9    813.31
   97.97    6356.0    813.48
   97.98    6363.5    814.81
   97.99    6367.3    815.48
   98.00    6369.1    815.81
   98.00    6370.1    815.98
   98.00    6371.0    816.14
