    0.00    6371.0      0.00
    0.00    6370.1      0.18
    0.01    6369.1      0.36
    0.02    6367.3      0.72
    0.03    6363.5      1.44
    0.07    6356.0      2.88
    0.07    6354.9      3.08
    0.08    6353.7      3.27
    0.09    6351.4      3.66
    0.12    6346.9      4.45
    0.12    6346.6      4.50
    0.13    6344.6      4.80
    0.15    6342.7      5.11
    0.17    6338.8      5.72
    0.20    6334.9      6.33
    0.23    6331.0      6.94
    0.26    6326.0      7.73
    0.30    6321.0      8.51
    0.34    6316.0      9.30
    0.37    6311.0     10.09
    0.44    6301.0     11.66
    0.51    6291.0     13.24
    0.61    6277.5     15.37
    0.71    6264.0     17.50
    0.71    6263.3     17.62
    0.77    6256.0     18.77
    0.83    6247.2     20.16
    0.90    6238.5     21.55
    1.02    6221.0     24.33
    1.15    6203.5     27.13
    1.28    6186.0     29.92
    1.41    6168.5     32.73
    1.54    6151.0     35.53
    1.56    6148.8     35.88
    1.58    6146.5     36.24
    1.62    6142.1     36.94
    1.70    6133.1     38.36
    1.72    6130.6     38.75
    1.74    6128.2     39.14
    1.83    6117.1     40.89
    1.88    6111.6     41.77
    1.93    6106.0     42.65
    2.04    6093.3     44.67
    2.16    6080.5     46.70
    2.33    6061.0     49.80
    2.34    6060.1     49.95
    2.35    6059.2     50.09
    2.55    6037.7     53.52
    2.76    6016.0     57.00
    2.90    6001.4     59.34
    3.06    5984.5     62.08
    3.19    5971.0     64.25
    3.29    5962.3     65.67
    3.38    5953.5     67.11
    3.58    5935.6     70.04
    3.61    5932.7     70.52
    3.68    5926.9     71.48
    3.74    5921.0     72.45
    3.92    5906.2     74.91
    4.10    5891.1     77.43
    4.35    5871.0     80.84
    4.47    5861.7     82.43
    4.56    5855.1     83.57
    4.65    5848.3     84.73
    4.83    5834.8     87.09
    5.02    5821.0     89.52
    5.03    5820.4     89.63
    5.15    5812.3     91.06
    5.26    5804.2     92.52
    5.51    5787.7     95.51
    5.77    5771.0     98.60
    5.88    5764.6     99.80
    5.98    5758.2    101.01
    6.19    5745.3    103.45
    6.27    5740.7    104.33
    6.35    5736.0    105.23
    6.65    5718.5    108.60
    6.95    5701.0    112.03
    7.03    5697.6    112.80
    7.10    5694.2    113.57
    7.36    5683.3    116.10
    7.62    5672.2    118.71
    8.18    5650.0    124.19
    8.92    5623.1    131.32
    9.63    5600.0    137.97
   10.28    5581.1    143.87
   10.98    5562.1    150.25
   11.47    5550.0    154.63
   11.72    5544.0    156.93
   11.99    5537.9    159.32
   12.91    5519.0    167.40
   13.43    5509.5    171.95
   14.01    5500.0    177.00
   14.91    5488.7    184.70
   15.81    5477.4    192.41
   16.61    5473.6    199.15
   17.40    5469.7    205.90
   18.20    5465.8    212.65
   19.00    5461.9    219.39
   19.80    5465.8    226.14
   20.60    5469.7    232.89
   21.39    5473.6    239.63
   22.19    5477.4    246.38
   23.09    5488.7    254.08
   23.99    5500.0    261.78
   24.57    5509.5    266.83
   25.09    5519.0    271.39
   26.01    5537.9    279.47
   26.28    5544.0    281.85
   26.53    5550.0    284.16
   27.02    5562.1    288.53
   27.72    5581.1    294.92
   28.37    5600.0    300.81
   29.08    5623.1    307.47
   29.82    5650.0    314.59
   30.38    5672.2    320.07
   30.64    5683.3    322.68
   30.90    5694.2    325.21
   30.97    5697.6    325.98
   31.05    5701.0    326.75
   31.35    5718.5    330.19
   31.65    5736.0    333.56
   31.73    5740.7    334.45
   31.81    5745.3    335.34
   32.02    5758.2    337.78
   32.12    5764.6    338.98
   32.23    5771.0    340.18
   32.49    5787.7    343.28
   32.74    5804.2    346.27
   32.85    5812.3    347.73
   32.97    5820.4    349.16
   32.98    5821.0    349.27
   33.17    5834.8    351.69
   33.35    5848.3    354.05
   33.44    5855.1    355.21
   33.53    5861.7    356.36
   33.65    5871.0    357.94
   33.90    5891.1    361.35
   34.08    5906.2    363.87
   34.26    5921.0    366.33
   34.32    5926.9    367.31
   34.39    5932.7    368.27
   34.42    5935.6    368.74
   34.62    5953.5    371.67
   34.71    5962.3    373.11
   34.81    5971.0    374.53
   34.94    5984.5    376.71
   35.10    6001.4    379.44
   35.24    6016.0    381.78
   35.45    6037.7    385.26
   35.65    6059.2    388.69
   35.66    6060.1    388.84
   35.67    6061.0    388.98
   35.84    6080.5    392.08
   35.96    6093.3    394.12
   36.07    6106.0    396.14
   36.12    6111.6    397.02
   36.17    6117.1    397.90
   36.26    6128.2    399.65
   36.28    6130.6    400.04
   36.30    6133.1    400.43
   36.38    6142.1    401.84
   36.42    6146.5    402.55
   36.44    6148.8    402.90
   36.46    6151.0    403.25
   36.59    6168.5    406.06
   36.72    6186.0    408.86
   36.85    6203.5    411.66
   36.98    6221.0    414.45
   37.10    6238.5    417.23
   37.17    6247.2    418.62
   37.23    6256.0    420.01
   37.29    6263.3    421.16
   37.29    6264.0    421.28
   37.39    6277.5    423.41
   37.49    6291.0    425.55
   37.56    6301.0    427.12
   37.63    6311.0    428.70
   37.66    6316.0    429.48
   37.70    6321.0    430.27
   37.74    6326.0    431.06
   37.77    6331.0    431.84
   37.80    6334.9    432.45
   37.83    6338.8    433.07
   37.85    6342.7    433.68
   37.87    6344.6    433.98
   37.88    6346.6    434.29
   37.88    6346.9    434.34
   37.91    6351.4    435.12
   37.92    6353.7    435.51
   37.93    6354.9    435.71
   37.93    6356.0    435.90
   37.97    6363.5    437.34
   37.98    6367.3    438.06
   37.99    6369.1    438.42
   38.00    6370.1    438.60
   38.00    6371.0    438.78
