    0.00    6371.0      0.00
    0.00    6370.1      0.18
    0.01    6369.1      0.36
    0.02    6367.3      0.72
    0.03    6363.5      1.44
    0.07    6356.0      2.87
    0.07    6354.9      3.07
    0.08    6353.7      3.27
    0.09    6351.4      3.66
    0.11    6346.9      4.44
    0.12    6346.6      4.49
    0.13    6344.6      4.79
    0.14    6342.7      5.09
    0.17    6338.8      5.70
    0.20    6334.9      6.31
    0.23    6331.0      6.92
    0.26    6326.0      7.70
    0.30    6321.0      8.48
    0.33    6316.0      9.27
    0.37    6311.0     10.05
    0.44    6301.0     11.62
    0.51    6291.0     13.19
    0.60    6277.5     15.31
    0.70    6264.0     17.43
    0.71    6263.3     17.55
    0.76    6256.0     18.69
    0.82    6247.2     20.08
    0.88    6238.5     21.46
    1.01    6221.0     24.23
    1.14    6203.5     27.01
    1.27    6186.0     29.79
    1.39    6168.5     32.58
    1.52    6151.0     35.37
    1.54    6148.8     35.72
    1.56    6146.5     36.07
    1.60    6142.1     36.77
    1.67    6133.1     38.18
    1.69    6130.6     38.56
    1.72    6128.2     38.95
    1.81    6117.1     40.69
    1.86    6111.6     41.56
    1.91    6106.0     42.44
    2.02    6093.3     44.44
    2.13    6080.5     46.47
    2.30    6061.0     49.54
    2.31    6060.1     49.69
    2.32    6059.2     49.83
    2.52    6037.7     53.24
    2.72    6016.0     56.69
    2.86    6001.4     59.01
    3.02    5984.5     61.72
    3.15    5971.0     63.88
    3.24    5962.3     65.29
    3.33    5953.5     66.71
    3.53    5935.6     69.61
    3.56    5932.7     70.08
    3.62    5926.9     71.03
    3.69    5921.0     71.99
    3.86    5906.2     74.43
    4.04    5891.1     76.92
    4.28    5871.0     80.29
    4.40    5861.7     81.85
    4.49    5855.1     82.98
    4.57    5848.3     84.12
    4.75    5834.8     86.45
    4.94    5821.0     88.84
    4.95    5820.4     88.94
    5.06    5812.3     90.35
    5.18    5804.2     91.79
    5.42    5787.7     94.72
    5.67    5771.0     97.76
    5.77    5764.6     98.94
    5.88    5758.2    100.12
    6.08    5745.3    102.50
    6.16    5740.7    103.37
    6.23    5736.0    104.25
    6.52    5718.5    107.54
    6.82    5701.0    110.90
    6.89    5697.6    111.64
    6.96    5694.2    112.38
    7.20    5683.3    114.82
    7.45    5672.2    117.32
    7.98    5650.0    122.55
    8.68    5623.1    129.30
    9.34    5600.0    135.52
    9.93    5581.1    140.96
   10.57    5562.1    146.78
   11.00    5550.0    150.71
   11.23    5544.0    152.76
   11.46    5537.9    154.86
   12.25    5519.0    161.83
   12.68    5509.5    165.62
   13.14    5500.0    169.69
   13.78    5488.7    175.22
   14.42    5477.4    180.76
   15.31    5466.1    188.33
   16.20    5454.7    195.90
   16.97    5447.9    202.39
   17.81    5444.7    209.46
   18.66    5441.5    216.52
   19.50    5438.3    223.59
   20.34    5441.5    230.66
   21.19    5444.7    237.72
   22.03    5447.9    244.79
   22.80    5454.7    251.28
   23.69    5466.1    258.85
   24.58    5477.4    266.42
   25.22    5488.7    271.96
   25.86    5500.0    277.49
   26.32    5509.5    281.56
   26.75    5519.0    285.35
   27.54    5537.9    292.32
   27.77    5544.0    294.42
   28.00    5550.0    296.47
   28.43    5562.1    300.40
   29.07    5581.1    306.22
   29.66    5600.0    311.66
   30.32    5623.1    317.88
   31.02    5650.0    324.63
   31.55    5672.2    329.86
   31.80    5683.3    332.37
   32.04    5694.2    334.80
   32.11    5697.6    335.54
   32.18    5701.0    336.28
   32.48    5718.5    339.64
   32.77    5736.0    342.93
   32.84    5740.7    343.81
   32.92    5745.3    344.68
   33.12    5758.2    347.06
   33.23    5764.6    348.25
   33.33    5771.0    349.42
   33.58    5787.7    352.46
   33.82    5804.2    355.39
   33.94    5812.3    356.83
   34.05    5820.4    358.24
   34.06    5821.0    358.34
   34.25    5834.8    360.73
   34.43    5848.3    363.06
   34.51    5855.1    364.20
   34.60    5861.7    365.33
   34.72    5871.0    366.89
   34.96    5891.1    370.26
   35.14    5906.2    372.75
   35.31    5921.0    375.19
   35.38    5926.9    376.15
   35.44    5932.7    377.10
   35.47    5935.6    377.57
   35.67    5953.5    380.47
   35.76    5962.3    381.89
   35.85    5971.0    383.30
   35.98    5984.5    385.46
   36.14    6001.4    388.17
   36.28    6016.0    390.49
   36.48    6037.7    393.94
   36.68    6059.2    397.35
   36.69    6060.1    397.49
   36.70    6061.0    397.64
   36.87    6080.5    400.72
   36.98    6093.3    402.74
   37.09    6106.0    404.74
   37.14    6111.6    405.62
   37.19    6117.1    406.49
   37.28    6128.2    408.23
   37.31    6130.6    408.62
   37.33    6133.1    409.01
   37.40    6142.1    410.41
   37.44    6146.5    411.11
   37.46    6148.8    411.46
   37.48    6151.0    411.81
   37.61    6168.5    414.60
   37.73    6186.0    417.39
   37.86    6203.5    420.17
   37.99    6221.0    422.95
   38.12    6238.5    425.72
   38.18    6247.2    427.10
   38.24    6256.0    428.49
   38.29    6263.3    429.63
   38.30    6264.0    429.75
   38.40    6277.5    431.87
   38.49    6291.0    433.99
   38.56    6301.0    435.56
   38.63    6311.0    437.13
   38.67    6316.0    437.91
   38.70    6321.0    438.70
   38.74    6326.0    439.48
   38.77    6331.0    440.26
   38.80    6334.9    440.87
   38.83    6338.8    441.48
   38.86    6342.7    442.09
   38.87    6344.6    442.39
   38.88    6346.6    442.70
   38.89    6346.9    442.74
   38.91    6351.4    443.53
   38.92    6353.7    443.92
   38.93    6354.9    444.11
   38.93    6356.0    444.31
   38.97    6363.5    445.74
   38.98    6367.3    446.46
   38.99    6369.1    446.82
   39.00    6370.1    447.00
   39.00    6371.0    447.18
