    0.00    6371.0      0.00
    0.00    6370.1      0.18
    0.01    6369.1      0.36
    0.02    6367.3      0.71
    0.03    6363.5      1.42
    0.06    6356.0      2.84
    0.07    6354.9      3.03
    0.07    6353.7      3.23
    0.08    6351.4      3.61
    0.11    6346.9      4.38
    0.11    6346.6      4.43
    0.12    6344.6      4.72
    0.13    6342.7      5.02
    0.16    6338.8      5.61
    0.18    6334.9      6.20
    0.21    6331.0      6.79
    0.24    6326.0      7.55
    0.28    6321.0      8.31
    0.31    6316.0      9.07
    0.34    6311.0      9.84
    0.41    6301.0     11.36
    0.47    6291.0     12.88
    0.56    6277.5     14.95
    0.65    6264.0     17.01
    0.65    6263.3     17.12
    0.70    6256.0     18.24
    0.76    6247.2     19.58
    0.82    6238.5     20.93
    0.94    6221.0     23.61
    1.05    6203.5     26.31
    1.17    6186.0     29.01
    1.29    6168.5     31.72
    1.41    6151.0     34.43
    1.43    6148.8     34.77
    1.44    6146.5     35.11
    1.48    6142.1     35.78
    1.55    6133.1     37.13
    1.57    6130.6     37.51
    1.58    6128.2     37.88
    1.67    6117.1     39.55
    1.71    6111.6     40.39
    1.76    6106.0     41.24
    1.86    6093.3     43.16
    1.96    6080.5     45.10
    2.12    6061.0     48.05
    2.13    6060.1     48.19
    2.14    6059.2     48.33
    2.32    6037.7     51.60
    2.50    6016.0     54.90
    2.62    6001.4     57.11
    2.77    5984.5     59.70
    2.89    5971.0     61.76
    2.97    5962.3     63.10
    3.06    5953.5     64.44
    3.23    5935.6     67.18
    3.26    5932.7     67.63
    3.32    5926.9     68.52
    3.38    5921.0     69.43
    3.53    5906.2     71.71
    3.69    5891.1     74.04
    3.90    5871.0     77.18
    4.01    5861.7     78.63
    4.08    5855.1     79.68
    4.16    5848.3     80.74
    4.32    5834.8     82.88
    4.48    5821.0     85.07
    4.49    5820.4     85.17
    4.58    5812.3     86.46
    4.68    5804.2     87.77
    4.89    5787.7     90.43
    5.11    5771.0     93.18
    5.20    5764.6     94.23
    5.28    5758.2     95.29
    5.46    5745.3     97.43
    5.52    5740.7     98.20
    5.59    5736.0     98.98
    5.83    5718.5    101.92
    6.08    5701.0    104.89
    6.14    5697.6    105.51
    6.20    5694.2    106.13
    6.39    5683.3    108.14
    6.58    5672.2    110.19
    6.99    5650.0    114.42
    7.51    5623.1    119.70
    7.98    5600.0    124.39
    8.39    5581.1    128.35
    8.81    5562.1    132.44
    9.09    5550.0    135.11
    9.24    5544.0    136.47
    9.38    5537.9    137.85
    9.85    5519.0    142.21
   10.09    5509.5    144.46
   10.34    5500.0    146.76
   10.96    5477.4    152.40
   11.63    5454.7    158.38
   11.84    5447.9    160.23
   12.16    5437.6    163.11
   12.20    5436.5    163.44
   12.24    5435.3    163.78
   12.32    5433.0    164.45
   12.47    5428.3    165.81
   12.63    5423.6    167.20
   12.79    5418.9    168.61
   12.96    5414.2    170.04
   13.13    5409.5    171.50
   13.48    5400.0    174.51
   13.98    5387.1    178.81
   14.52    5374.1    183.39
   15.11    5361.1    188.32
   15.75    5348.1    193.68
   16.41    5336.1    199.08
   17.15    5324.1    205.15
   18.14    5312.1    213.14
   19.12    5300.0    221.14
   19.97    5296.1    227.87
   20.81    5292.1    234.60
   21.66    5288.2    241.33
   22.50    5284.3    248.06
   23.34    5288.2    254.79
   24.19    5292.1    261.52
   25.03    5296.1    268.25
   25.88    5300.0    274.98
   26.86    5312.1    282.98
   27.85    5324.1    290.98
   28.59    5336.1    297.05
   29.25    5348.1    302.44
   29.89    5361.1    307.81
   30.48    5374.1    312.73
   31.02    5387.1    317.32
   31.52    5400.0    321.62
   31.87    5409.5    324.62
   32.04    5414.2    326.08
   32.21    5418.9    327.52
   32.37    5423.6    328.93
   32.53    5428.3    330.31
   32.68    5433.0    331.67
   32.76    5435.3    332.35
   32.80    5436.5    332.68
   32.84    5437.6    333.01
   33.16    5447.9    335.89
   33.37    5454.7    337.75
   34.04    5477.4    343.73
   34.66    5500.0    349.36
   34.91    5509.5    351.66
   35.15    5519.0    353.91
   35.62    5537.9    358.28
   35.76    5544.0    359.65
   35.91    5550.0    361.01
   36.19    5562.1    363.68
   36.61    5581.1    367.77
   37.02    5600.0    371.73
   37.49    5623.1    376.42
   38.01    5650.0    381.71
   38.42    5672.2    385.93
   38.61    5683.3    387.98
   38.80    5694.2    390.00
   38.86    5697.6    390.62
   38.92    5701.0    391.23
   39.17    5718.5    394.21
   39.41    5736.0    397.14
   39.48    5740.7    397.92
   39.54    5745.3    398.70
   39.72    5758.2    400.83
   39.80    5764.6    401.89
   39.89    5771.0    402.95
   40.11    5787.7    405.69
   40.32    5804.2    408.36
   40.42    5812.3    409.66
   40.51    5820.4    410.95
   40.52    5821.0    411.05
   40.68    5834.8    413.24
   40.84    5848.3    415.39
   40.92    5855.1    416.45
   40.99    5861.7    417.49
   41.10    5871.0    418.95
   41.31    5891.1    422.08
   41.47    5906.2    424.41
   41.62    5921.0    426.70
   41.68    5926.9    427.60
   41.74    5932.7    428.50
   41.77    5935.6    428.94
   41.94    5953.5    431.68
   42.03    5962.3    433.03
   42.11    5971.0    434.36
   42.23    5984.5    436.42
   42.38    6001.4    439.01
   42.50    6016.0    441.23
   42.68    6037.7    444.53
   42.86    6059.2    447.79
   42.87    6060.1    447.93
   42.88    6061.0    448.07
   43.04    6080.5    451.02
   43.14    6093.3    452.96
   43.24    6106.0    454.89
   43.29    6111.6    455.73
   43.33    6117.1    456.57
   43.42    6128.2    458.24
   43.43    6130.6    458.62
   43.45    6133.1    458.99
   43.52    6142.1    460.34
   43.56    6146.5    461.02
   43.57    6148.8    461.35
   43.59    6151.0    461.69
   43.71    6168.5    464.40
   43.83    6186.0    467.11
   43.95    6203.5    469.81
   44.06    6221.0    472.51
   44.18    6238.5    475.20
   44.24    6247.2    476.54
   44.30    6256.0    477.89
   44.35    6263.3    479.00
   44.35    6264.0    479.12
   44.44    6277.5    481.18
   44.53    6291.0    483.24
   44.59    6301.0    484.76
   44.66    6311.0    486.29
   44.69    6316.0    487.05
   44.73    6321.0    487.81
   44.76    6326.0    488.57
   44.79    6331.0    489.33
   44.82    6334.9    489.92
   44.84    6338.8    490.51
   44.87    6342.7    491.11
   44.88    6344.6    491.40
   44.89    6346.6    491.70
   44.89    6346.9    491.75
   44.92    6351.4    492.51
   44.93    6353.7    492.90
   44.93    6354.9    493.09
   44.94    6356.0    493.28
   44.97    6363.5    494.70
   44.98    6367.3    495.41
   44.99    6369.1    495.77
   45.00    6370.1    495.95
   45.00    6371.0    496.12
