    0.00    6371.0      0.00
    0.00    6370.1      0.18
    0.01    6369.1      0.36
    0.02    6367.3      0.73
    0.03    6363.5      1.46
    0.07    6356.0      2.91
    0.08    6354.9      3.11
    0.08    6353.7      3.31
    0.10    6351.4      3.71
    0.12    6346.9      4.50
    0.12    6346.6      4.55
    0.14    6344.6      4.87
    0.15    6342.7      5.18
    0.18    6338.8      5.81
    0.21    6334.9      6.44
    0.24    6331.0      7.07
    0.28    6326.0      7.88
    0.32    6321.0      8.69
    0.36    6316.0      9.50
    0.40    6311.0     10.31
    0.47    6301.0     11.93
    0.55    6291.0     13.55
    0.66    6277.5     15.74
    0.76    6264.0     17.94
    0.77    6263.3     18.06
    0.82    6256.0     19.25
    0.89    6247.2     20.68
    0.96    6238.5     22.11
    1.10    6221.0     24.97
    1.24    6203.5     27.85
    1.38    6186.0     30.72
    1.52    6168.5     33.61
    1.66    6151.0     36.50
    1.68    6148.8     36.87
    1.70    6146.5     37.24
    1.74    6142.1     37.97
    1.82    6133.1     39.44
    1.84    6130.6     39.85
    1.87    6128.2     40.25
    1.97    6117.1     42.07
    2.02    6111.6     42.99
    2.08    6106.0     43.91
    2.20    6093.3     46.01
    2.32    6080.5     48.13
    2.52    6061.0     51.37
    2.53    6060.1     51.52
    2.54    6059.2     51.67
    2.75    6037.7     55.26
    2.98    6016.0     58.90
    3.13    6001.4     61.36
    3.31    5984.5     64.23
    3.46    5971.0     66.52
    3.56    5962.3     68.02
    3.66    5953.5     69.55
    3.88    5935.6     72.67
    3.92    5932.7     73.17
    3.99    5926.9     74.20
    4.07    5921.0     75.24
    4.26    5906.2     77.88
    4.47    5891.1     80.59
    4.75    5871.0     84.28
    4.88    5861.7     86.00
    4.98    5855.1     87.25
    5.08    5848.3     88.52
    5.30    5834.8     91.11
    5.52    5821.0     93.79
    5.53    5820.4     93.91
    5.66    5812.3     95.50
    5.80    5804.2     97.13
    6.09    5787.7    100.48
    6.40    5771.0    104.00
    6.52    5764.6    105.37
    6.65    5758.2    106.75
    6.90    5745.3    109.55
    6.99    5740.7    110.58
    7.09    5736.0    111.61
    7.45    5718.5    115.52
    7.82    5701.0    119.55
    7.93    5697.6    120.57
    8.04    5694.2    121.61
    8.40    5683.3    125.07
    8.78    5672.2    128.74
    9.66    5650.0    136.95
   10.33    5636.5    143.10
   11.00    5623.1    149.25
   11.89    5611.5    157.27
   12.79    5600.0    165.30
   13.69    5596.0    173.27
   14.60    5592.0    181.23
   15.50    5588.1    189.20
   16.40    5592.0    197.17
   17.31    5596.0    205.14
   18.21    5600.0    213.11
   19.11    5611.5    221.13
   20.00    5623.1    229.16
   20.67    5636.5    235.31
   21.35    5650.0    241.46
   22.22    5672.2    249.67
   22.61    5683.3    253.34
   22.97    5694.2    256.80
   23.07    5697.6    257.84
   23.18    5701.0    258.86
   23.55    5718.5    262.88
   23.91    5736.0    266.80
   24.01    5740.7    267.83
   24.10    5745.3    268.86
   24.35    5758.2    271.66
   24.48    5764.6    273.04
   24.60    5771.0    274.41
   24.91    5787.7    277.92
   25.20    5804.2    281.28
   25.34    5812.3    282.91
   25.47    5820.4    284.50
   25.48    5821.0    284.62
   25.71    5834.8    287.29
   25.92    5848.3    289.89
   26.02    5855.1    291.15
   26.12    5861.7    292.40
   26.25    5871.0    294.13
   26.54    5891.1    297.81
   26.74    5906.2    300.53
   26.93    5921.0    303.17
   27.01    5926.9    304.21
   27.08    5932.7    305.24
   27.12    5935.6    305.74
   27.34    5953.5    308.86
   27.44    5962.3    310.39
   27.54    5971.0    311.89
   27.69    5984.5    314.18
   27.87    6001.4    317.05
   28.03    6016.0    319.50
   28.25    6037.7    323.14
   28.47    6059.2    326.73
   28.48    6060.1    326.89
   28.49    6061.0    327.04
   28.68    6080.5    330.27
   28.80    6093.3    332.39
   28.92    6106.0    334.50
   28.98    6111.6    335.42
   29.03    6117.1    336.33
   29.13    6128.2    338.15
   29.16    6130.6    338.56
   29.18    6133.1    338.97
   29.26    6142.1    340.44
   29.31    6146.5    341.17
   29.33    6148.8    341.54
   29.35    6151.0    341.90
   29.49    6168.5    344.79
   29.63    6186.0    347.68
   29.77    6203.5    350.56
   29.90    6221.0    353.44
   30.04    6238.5    356.30
   30.11    6247.2    357.73
   30.18    6256.0    359.16
   30.24    6263.3    360.34
   30.24    6264.0    360.47
   30.35    6277.5    362.66
   30.45    6291.0    364.86
   30.53    6301.0    366.48
   30.61    6311.0    368.10
   30.64    6316.0    368.91
   30.68    6321.0    369.72
   30.72    6326.0    370.53
   30.76    6331.0    371.34
   30.79    6334.9    371.96
   30.82    6338.8    372.59
   30.85    6342.7    373.22
   30.86    6344.6    373.54
   30.88    6346.6    373.85
   30.88    6346.9    373.90
   30.91    6351.4    374.70
   30.92    6353.7    375.10
   30.93    6354.9    375.30
   30.93    6356.0    375.49
   30.97    6363.5    376.95
   30.98    6367.3    377.68
   30.99    6369.1    378.04
   31.00    6370.1    378.22
   31.00    6371.0    378.41
