    0.00    6370.1      0.17
    0.01    6369.1      0.35
    0.01    6367.3      0.69
    0.03    6363.5      1.38
    0.05    6356.0      2.77
    0.06    6354.9      2.95
    0.06    6353.7      3.14
    0.07    6351.4      3.51
    0.09    6346.9      4.25
    0.09    6346.6      4.29
    0.10    6344.6      4.57
    0.11    6342.7      4.85
    0.13    6338.8      5.41
    0.15    6334.9      5.96
    0.17    6331.0      6.52
    0.20    6326.0      7.23
    0.23    6321.0      7.95
    0.25    6316.0      8.66
    0.28    6311.0      9.38
    0.33    6301.0     10.81
    0.38    6291.0     12.24
    0.46    6277.5     14.18
    0.53    6264.0     16.11
    0.53    6263.3     16.22
    0.57    6256.0     17.27
    0.62    6247.2     18.53
    0.67    6238.5     19.79
    0.76    6221.0     22.31
    0.86    6203.5     24.85
    0.95    6186.0     27.38
    1.05    6168.5     29.92
    1.14    6151.0     32.46
    1.16    6148.8     32.77
    1.17    6146.5     33.08
    1.20    6142.1     33.71
    1.25    6133.1     34.95
    1.27    6130.6     35.30
    1.28    6128.2     35.64
    1.35    6117.1     37.18
    1.39    6111.6     37.96
    1.42    6106.0     38.73
    1.50    6093.3     40.50
    1.58    6080.5     42.28
    1.71    6061.0     44.99
    1.71    6060.1     45.11
    1.72    6059.2     45.24
    1.86    6037.7     48.22
    2.00    6016.0     51.23
    2.10    6001.4     53.25
    2.22    5984.5     55.60
    2.31    5971.0     57.47
    2.37    5962.3     58.66
    2.44    5953.5     59.87
    2.57    5935.6     62.31
    2.59    5932.7     62.70
    2.64    5926.9     63.49
    2.68    5921.0     64.29
    2.80    5906.2     66.31
    2.92    5891.1     68.35
    3.08    5871.0     71.09
    3.16    5861.7     72.34
    3.22    5855.1     73.25
    3.27    5848.3     74.16
    3.39    5834.8     76.00
    3.51    5821.0     77.87
    3.51    5820.4     77.95
    3.59    5812.3     79.04
    3.66    5804.2     80.15
    3.81    5787.7     82.39
    3.97    5771.0     84.66
    4.03    5764.6     85.54
    4.09    5758.2     86.41
    4.21    5745.3     88.17
    4.26    5740.7     88.81
    4.30    5736.0     89.44
    4.48    5718.5     91.84
    4.65    5701.0     94.25
    4.69    5697.6     94.72
    4.73    5694.2     95.19
    4.85    5683.3     96.71
    4.97    5672.2     98.25
    5.23    5650.0    101.36
    5.56    5623.1    105.17
    5.84    5600.0    108.46
    6.08    5581.1    111.17
    6.33    5562.1    113.92
    6.49    5550.0    115.68
    6.57    5544.0    116.57
    6.65    5537.9    117.46
    6.91    5519.0    120.24
    7.04    5509.5    121.65
    7.17    5500.0    123.06
    7.49    5477.4    126.45
    7.82    5454.7    129.89
    7.92    5447.9    130.93
    8.08    5437.6    132.50
    8.10    5436.5    132.68
    8.11    5435.3    132.86
    8.15    5433.0    133.23
    8.22    5428.3    133.95
    8.29    5423.6    134.68
    8.36    5418.9    135.41
    8.44    5414.2    136.14
    8.51    5409.5    136.87
    8.66    5400.0    138.36
    8.86    5387.1    140.39
    9.07    5374.1    142.45
    9.29    5361.1    144.54
    9.51    5348.1    146.65
    9.71    5336.1    148.59
    9.92    5324.1    150.57
   10.35    5300.0    154.58
   10.89    5270.3    159.63
   11.47    5240.3    164.85
   11.87    5220.2    168.44
   12.29    5200.0    172.12
   12.79    5176.9    176.41
   13.46    5146.9    182.18
   14.19    5116.6    188.22
   14.23    5115.0    188.54
   14.26    5113.5    188.85
   14.34    5110.3    189.49
   14.50    5104.1    190.77
   14.60    5100.0    191.63
   14.82    5091.5    193.41
   15.50    5066.1    198.90
   16.03    5047.4    203.14
   16.57    5028.8    207.39
   17.48    5000.0    214.43
   17.77    4991.1    216.70
   18.51    4970.8    222.26
   19.25    4950.6    227.83
   20.09    4930.1    234.03
   21.02    4909.6    240.83
   21.49    4900.0    244.26
   22.27    4886.1    249.85
   23.06    4872.3    255.44
   23.71    4862.8    260.08
   24.37    4853.4    264.73
   25.26    4844.0    270.90
   26.15    4834.5    277.07
   27.11    4830.3    283.70
   28.07    4826.2    290.32
   29.04    4822.0    296.95
   30.00    4817.9    303.58
   30.96    4822.0    310.20
   31.93    4826.2    316.83
   32.89    4830.3    323.45
   33.85    4834.5    330.08
   34.74    4844.0    336.25
   35.63    4853.4    342.42
   36.29    4862.8    347.07
   36.94    4872.3    351.72
   37.73    4886.1    357.31
   38.51    4900.0    362.90
   38.98    4909.6    366.32
   39.91    4930.1    373.12
   40.75    4950.6    379.33
   41.49    4970.8    384.89
   42.23    4991.1    390.46
   42.52    5000.0    392.72
   43.43    5028.8    399.76
   43.97    5047.4    404.01
   44.50    5066.1    408.25
   45.18    5091.5    413.74
   45.40    5100.0    415.52
   45.50    5104.1    416.38
   45.66    5110.3    417.66
   45.74    5113.5    418.30
   45.77    5115.0    418.61
   45.81    5116.6    418.93
   46.54    5146.9    424.97
   47.21    5176.9    430.74
   47.71    5200.0    435.03
   48.13    5220.2    438.71
   48.53    5240.3    442.30
   49.11    5270.3    447.52
   49.65    5300.0    452.57
   50.08    5324.1    456.59
   50.29    5336.1    458.56
   50.49    5348.1    460.51
   50.71    5361.1    462.62
   50.93    5374.1    464.70
   51.14    5387.1    466.76
   51.34    5400.0    468.80
   51.49    5409.5    470.28
   51.56    5414.2    471.01
   51.64    5418.9    471.75
   51.71    5423.6    472.48
   51.78    5428.3    473.20
   51.85    5433.0    473.93
   51.89    5435.3    474.29
   51.90    5436.5    474.47
   51.92    5437.6    474.65
   52.08    5447.9    476.22
   52.18    5454.7    477.26
   52.51    5477.4    480.71
   52.83    5500.0    484.09
   52.96    5509.5    485.51
   53.09    5519.0    486.91
   53.35    5537.9    489.69
   53.43    5544.0    490.59
   53.51    5550.0    491.47
   53.67    5562.1    493.23
   53.92    5581.1    495.98
   54.16    5600.0    498.69
   54.44    5623.1    501.98
   54.77    5650.0    505.79
   55.02    5672.2    508.90
   55.15    5683.3    510.44
   55.27    5694.2    511.96
   55.31    5697.6    512.43
   55.35    5701.0    512.90
   55.52    5718.5    515.31
   55.70    5736.0    517.71
   55.74    5740.7    518.35
   55.79    5745.3    518.98
   55.91    5758.2    520.74
   55.97    5764.6    521.62
   56.03    5771.0    522.49
   56.19    5787.7    524.77
   56.34    5804.2    527.00
   56.41    5812.3    528.11
   56.49    5820.4    529.20
   56.49    5821.0    529.28
   56.61    5834.8    531.15
   56.73    5848.3    532.99
   56.78    5855.1    533.90
   56.84    5861.7    534.81
   56.92    5871.0    536.07
   57.08    5891.1    538.80
   57.20    5906.2    540.85
   57.32    5921.0    542.86
   57.36    5926.9    543.66
   57.41    5932.7    544.45
   57.43    5935.6    544.85
   57.56    5953.5    547.29
   57.63    5962.3    548.49
   57.69    5971.0    549.68
   57.78    5984.5    551.55
   57.90    6001.4    553.90
   58.00    6016.0    555.92
   58.14    6037.7    558.93
   58.28    6059.2    561.91
   58.29    6060.1    562.04
   58.29    6061.0    562.17
   58.42    6080.5    564.87
   58.50    6093.3    566.65
   58.58    6106.0    568.42
   58.61    6111.6    569.20
   58.65    6117.1    569.97
   58.72    6128.2    571.51
   58.73    6130.6    571.85
   58.75    6133.1    572.20
   58.80    6142.1    573.45
   58.83    6146.5    574.07
   58.84    6148.8    574.38
   58.86    6151.0    574.69
   58.95    6168.5    577.23
   59.05    6186.0    579.77
   59.14    6203.5    582.31
   59.24    6221.0    584.84
   59.33    6238.5    587.36
   59.38    6247.2    588.62
   59.43    6256.0    589.88
   59.47    6263.3    590.93
   59.47    6264.0    591.04
   59.54    6277.5    592.97
   59.62    6291.0    594.91
   59.67    6301.0    596.34
   59.72    6311.0    597.78
   59.75    6316.0    598.49
   59.77    6321.0    599.20
   59.80    6326.0    599.92
   59.83    6331.0    600.63
   59.85    6334.9    601.19
   59.87    6338.8    601.75
   59.89    6342.7    602.30
   59.90    6344.6    602.58
   59.91    6346.6    602.86
   59.91    6346.9    602.90
   59.93    6351.4    603.64
   59.94    6353.7    604.01
   59.94    6354.9    604.20
   59.95    6356.0    604.38
   59.97    6363.5    605.77
   59.99    6367.3    606.46
   59.99    6369.1    606.81
   60.00    6370.1    606.98
   60.00    6371.0    607.15
