    0.00    6371.0      0.00
    0.00    6370.1      0.17
    0.01    6369.1      0.35
    0.01    6367.3      0.70
    0.03    6363.5      1.39
    0.05    6356.0      2.78
    0.06    6354.9      2.97
    0.06    6353.7      3.15
    0.07    6351.4      3.53
    0.09    6346.9      4.27
    0.09    6346.6      4.32
    0.11    6344.6      4.60
    0.12    6342.7      4.88
    0.14    6338.8      5.44
    0.16    6334.9      6.00
    0.18    6331.0      6.57
    0.21    6326.0      7.29
    0.23    6321.0      8.01
    0.26    6316.0      8.74
    0.29    6311.0      9.46
    0.35    6301.0     10.91
    0.40    6291.0     12.35
    0.48    6277.5     14.31
    0.55    6264.0     16.27
    0.56    6263.3     16.38
    0.60    6256.0     17.44
    0.64    6247.2     18.71
    0.69    6238.5     19.99
    0.79    6221.0     22.54
    0.89    6203.5     25.10
    0.99    6186.0     27.66
    1.09    6168.5     30.23
    1.19    6151.0     32.80
    1.21    6148.8     33.12
    1.22    6146.5     33.43
    1.25    6142.1     34.07
    1.31    6133.1     35.33
    1.32    6130.6     35.68
    1.34    6128.2     36.03
    1.41    6117.1     37.59
    1.45    6111.6     38.38
    1.48    6106.0     39.16
    1.57    6093.3     40.96
    1.65    6080.5     42.77
    1.78    6061.0     45.51
    1.79    6060.1     45.64
    1.80    6059.2     45.77
    1.94    6037.7     48.80
    2.10    6016.0     51.86
    2.20    6001.4     53.91
    2.32    5984.5     56.30
    2.42    5971.0     58.20
    2.48    5962.3     59.42
    2.55    5953.5     60.65
    2.69    5935.6     63.13
    2.71    5932.7     63.53
    2.76    5926.9     64.34
    2.81    5921.0     65.16
    2.93    5906.2     67.22
    3.06    5891.1     69.31
    3.23    5871.0     72.11
    3.31    5861.7     73.40
    3.37    5855.1     74.32
    3.43    5848.3     75.26
    3.55    5834.8     77.15
    3.68    5821.0     79.06
    3.69    5820.4     79.15
    3.76    5812.3     80.27
    3.84    5804.2     81.41
    4.00    5787.7     83.71
    4.17    5771.0     86.06
    4.23    5764.6     86.95
    4.30    5758.2     87.86
    4.43    5745.3     89.67
    4.48    5740.7     90.33
    4.53    5736.0     90.99
    4.71    5718.5     93.46
    4.90    5701.0     95.95
    4.94    5697.6     96.44
    4.98    5694.2     96.93
    5.11    5683.3     98.52
    5.24    5672.2    100.12
    5.52    5650.0    103.38
    5.87    5623.1    107.37
    6.18    5600.0    110.83
    6.44    5581.1    113.69
    6.71    5562.1    116.59
    6.89    5550.0    118.45
    6.97    5544.0    119.39
    7.06    5537.9    120.33
    7.34    5519.0    123.28
    7.49    5509.5    124.78
    7.63    5500.0    126.28
    7.99    5477.4    129.89
    8.35    5454.7    133.57
    8.46    5447.9    134.69
    8.63    5437.6    136.38
    8.65    5436.5    136.57
    8.67    5435.3    136.76
    8.71    5433.0    137.15
    8.79    5428.3    137.93
    8.87    5423.6    138.71
    8.95    5418.9    139.50
    9.03    5414.2    140.28
    9.11    5409.5    141.08
    9.28    5400.0    142.68
    9.51    5387.1    144.88
    9.74    5374.1    147.11
    9.98    5361.1    149.38
   10.23    5348.1    151.68
   10.46    5336.1    153.81
   10.69    5324.1    155.97
   11.18    5300.0    160.39
   11.81    5270.3    165.99
   12.47    5240.3    171.84
   12.94    5220.2    175.89
   13.43    5200.0    180.08
   14.02    5176.9    185.02
   14.84    5146.9    191.76
   15.73    5116.6    198.95
   15.77    5115.0    199.33
   15.82    5113.5    199.71
   15.92    5110.3    200.48
   16.11    5104.1    202.04
   16.25    5100.0    203.09
   16.52    5091.5    205.28
   17.40    5066.1    212.15
   18.12    5047.4    217.71
   18.85    5028.8    223.27
   19.51    5014.4    228.22
   20.17    5000.0    233.16
   20.62    4991.1    236.53
   21.48    4977.6    242.82
   22.34    4964.1    249.11
   23.20    4950.6    255.40
   23.88    4943.7    260.24
   24.55    4936.9    265.09
   25.23    4930.1    269.93
   26.05    4927.0    275.73
   26.86    4923.9    281.53
   27.68    4920.7    287.33
   28.50    4917.6    293.13
   29.32    4920.7    298.93
   30.14    4923.9    304.73
   30.95    4927.0    310.53
   31.77    4930.1    316.33
   32.45    4936.9    321.17
   33.12    4943.7    326.02
   33.80    4950.6    330.86
   34.66    4964.1    337.15
   35.52    4977.6    343.44
   36.38    4991.1    349.73
   36.83    5000.0    353.10
   37.49    5014.4    358.04
   38.15    5028.8    362.99
   38.88    5047.4    368.55
   39.60    5066.1    374.11
   40.48    5091.5    380.99
   40.75    5100.0    383.17
   40.89    5104.1    384.22
   41.08    5110.3    385.78
   41.18    5113.5    386.55
   41.23    5115.0    386.93
   41.27    5116.6    387.31
   42.16    5146.9    394.50
   42.98    5176.9    401.24
   43.57    5200.0    406.18
   44.06    5220.2    410.37
   44.53    5240.3    414.42
   45.19    5270.3    420.27
   45.82    5300.0    425.87
   46.31    5324.1    430.29
   46.54    5336.1    432.45
   46.77    5348.1    434.58
   47.02    5361.1    436.88
   47.26    5374.1    439.15
   47.49    5387.1    441.38
   47.72    5400.0    443.58
   47.89    5409.5    445.18
   47.97    5414.2    445.98
   48.05    5418.9    446.77
   48.13    5423.6    447.55
   48.21    5428.3    448.33
   48.29    5433.0    449.11
   48.33    5435.3    449.50
   48.35    5436.5    449.69
   48.37    5437.6    449.89
   48.54    5447.9    451.58
   48.65    5454.7    452.69
   49.01    5477.4    456.37
   49.37    5500.0    459.98
   49.51    5509.5    461.48
   49.66    5519.0    462.98
   49.94    5537.9    465.93
   50.03    5544.0    466.87
   50.11    5550.0    467.81
   50.29    5562.1    469.68
   50.56    5581.1    472.58
   50.82    5600.0    475.43
   51.13    5623.1    478.89
   51.48    5650.0    482.88
   51.76    5672.2    486.14
   51.89    5683.3    487.74
   52.02    5694.2    489.33
   52.06    5697.6    489.82
   52.10    5701.0    490.31
   52.29    5718.5    492.80
   52.47    5736.0    495.27
   52.52    5740.7    495.93
   52.57    5745.3    496.59
   52.70    5758.2    498.40
   52.77    5764.6    499.31
   52.83    5771.0    500.21
   53.00    5787.7    502.55
   53.16    5804.2    504.86
   53.24    5812.3    505.99
   53.31    5820.4    507.11
   53.32    5821.0    507.20
   53.45    5834.8    509.12
   53.57    5848.3    511.00
   53.63    5855.1    511.94
   53.69    5861.7    512.86
   53.77    5871.0    514.15
   53.94    5891.1    516.95
   54.07    5906.2    519.04
   54.19    5921.0    521.10
   54.24    5926.9    521.92
   54.29    5932.7    522.73
   54.31    5935.6    523.13
   54.45    5953.5    525.62
   54.52    5962.3    526.84
   54.58    5971.0    528.06
   54.68    5984.5    529.96
   54.80    6001.4    532.35
   54.90    6016.0    534.40
   55.06    6037.7    537.46
   55.20    6059.2    540.49
   55.21    6060.1    540.62
   55.22    6061.0    540.75
   55.35    6080.5    543.49
   55.43    6093.3    545.30
   55.52    6106.0    547.10
   55.55    6111.6    547.88
   55.59    6117.1    548.67
   55.66    6128.2    550.23
   55.68    6130.6    550.58
   55.69    6133.1    550.93
   55.75    6142.1    552.20
   55.78    6146.5    552.83
   55.79    6148.8    553.14
   55.81    6151.0    553.46
   55.91    6168.5    556.03
   56.01    6186.0    558.60
   56.11    6203.5    561.16
   56.21    6221.0    563.72
   56.31    6238.5    566.27
   56.36    6247.2    567.55
   56.40    6256.0    568.82
   56.44    6263.3    569.88
   56.45    6264.0    569.99
   56.52    6277.5    571.95
   56.60    6291.0    573.91
   56.65    6301.0    575.36
   56.71    6311.0    576.80
   56.74    6316.0    577.53
   56.77    6321.0    578.25
   56.79    6326.0    578.97
   56.82    6331.0    579.69
   56.84    6334.9    580.26
   56.86    6338.8    580.82
   56.88    6342.7    581.38
   56.89    6344.6    581.66
   56.91    6346.6    581.94
   56.91    6346.9    581.99
   56.93    6351.4    582.73
   56.94    6353.7    583.11
   56.94    6354.9    583.29
   56.95    6356.0    583.48
   56.97    6363.5    584.87
   56.99    6367.3    585.57
   56.99    6369.1    585.91
   57.00    6370.1    586.09
   57.00    6371.0    586.26
