    0.00    6371.0      0.00
    0.00    6370.1      0.18
    0.01    6369.1      0.35
    0.02    6367.3      0.71
    0.03    6363.5      1.42
    0.06    6356.0      2.83
    0.07    6354.9      3.02
    0.07    6353.7      3.21
    0.08    6351.4      3.60
    0.11    6346.9      4.36
    0.11    6346.6      4.41
    0.12    6344.6      4.70
    0.13    6342.7      4.99
    0.16    6338.8      5.58
    0.18    6334.9      6.17
    0.20    6331.0      6.75
    0.24    6326.0      7.51
    0.27    6321.0      8.26
    0.30    6316.0      9.01
    0.33    6311.0      9.77
    0.39    6301.0     11.28
    0.46    6291.0     12.79
    0.54    6277.5     14.83
    0.63    6264.0     16.87
    0.64    6263.3     16.99
    0.68    6256.0     18.09
    0.74    6247.2     19.42
    0.80    6238.5     20.75
    0.91    6221.0     23.41
    1.02    6203.5     26.09
    1.14    6186.0     28.76
    1.25    6168.5     31.44
    1.37    6151.0     34.13
    1.39    6148.8     34.46
    1.40    6146.5     34.79
    1.44    6142.1     35.46
    1.50    6133.1     36.80
    1.52    6130.6     37.17
    1.54    6128.2     37.54
    1.62    6117.1     39.19
    1.67    6111.6     40.02
    1.71    6106.0     40.85
    1.81    6093.3     42.75
    1.91    6080.5     44.67
    2.06    6061.0     47.58
    2.07    6060.1     47.71
    2.08    6059.2     47.85
    2.25    6037.7     51.07
    2.43    6016.0     54.32
    2.55    6001.4     56.51
    2.69    5984.5     59.06
    2.80    5971.0     61.09
    2.88    5962.3     62.40
    2.96    5953.5     63.72
    3.13    5935.6     66.41
    3.16    5932.7     66.85
    3.22    5926.9     67.73
    3.27    5921.0     68.61
    3.42    5906.2     70.85
    3.57    5891.1     73.14
    3.78    5871.0     76.20
    3.88    5861.7     77.62
    3.95    5855.1     78.65
    4.02    5848.3     79.68
    4.17    5834.8     81.77
    4.33    5821.0     83.91
    4.34    5820.4     84.00
    4.43    5812.3     85.26
    4.53    5804.2     86.53
    4.73    5787.7     89.12
    4.93    5771.0     91.78
    5.02    5764.6     92.80
    5.10    5758.2     93.82
    5.26    5745.3     95.89
    5.32    5740.7     96.64
    5.39    5736.0     97.40
    5.62    5718.5    100.23
    5.85    5701.0    103.10
    5.91    5697.6    103.69
    5.96    5694.2    104.28
    6.14    5683.3    106.19
    6.32    5672.2    108.14
    6.70    5650.0    112.13
    7.18    5623.1    117.10
    7.61    5600.0    121.47
    7.98    5581.1    125.15
    8.37    5562.1    128.93
    8.62    5550.0    131.38
    8.75    5544.0    132.62
    8.88    5537.9    133.88
    9.29    5519.0    137.85
    9.51    5509.5    139.88
    9.73    5500.0    141.96
   10.27    5477.4    146.99
   10.85    5454.7    152.26
   11.03    5447.9    153.88
   11.31    5437.6    156.37
   11.34    5436.5    156.66
   11.37    5435.3    156.95
   11.44    5433.0    157.53
   11.57    5428.3    158.70
   11.70    5423.6    159.88
   11.84    5418.9    161.07
   11.97    5414.2    162.28
   12.11    5409.5    163.51
   12.40    5400.0    166.01
   12.80    5387.1    169.53
   13.23    5374.1    173.20
   13.68    5361.1    177.03
   14.15    5348.1    181.05
   14.61    5336.1    184.91
   15.10    5324.1    188.99
   15.64    5312.1    193.50
   16.19    5300.0    198.01
   17.02    5285.1    204.71
   17.85    5270.3    211.42
   18.68    5260.3    217.99
   19.50    5250.3    224.57
   20.33    5240.3    231.15
   21.12    5236.9    237.35
   21.92    5233.5    243.54
   22.71    5230.2    249.74
   23.50    5226.8    255.94
   24.29    5230.2    262.14
   25.08    5233.5    268.33
   25.88    5236.9    274.53
   26.67    5240.3    280.73
   27.50    5250.3    287.31
   28.32    5260.3    293.88
   29.15    5270.3    300.46
   29.98    5285.1    307.16
   30.81    5300.0    313.87
   31.36    5312.1    318.38
   31.90    5324.1    322.88
   32.39    5336.1    326.96
   32.85    5348.1    330.83
   33.32    5361.1    334.85
   33.77    5374.1    338.68
   34.20    5387.1    342.35
   34.60    5400.0    345.87
   34.89    5409.5    348.37
   35.03    5414.2    349.59
   35.16    5418.9    350.80
   35.30    5423.6    352.00
   35.43    5428.3    353.18
   35.56    5433.0    354.35
   35.63    5435.3    354.93
   35.66    5436.5    355.21
   35.69    5437.6    355.50
   35.97    5447.9    357.99
   36.15    5454.7    359.61
   36.73    5477.4    364.89
   37.27    5500.0    369.92
   37.49    5509.5    371.99
   37.71    5519.0    374.03
   38.12    5537.9    378.00
   38.25    5544.0    379.25
   38.38    5550.0    380.50
   38.63    5562.1    382.95
   39.02    5581.1    386.73
   39.39    5600.0    390.40
   39.82    5623.1    394.78
   40.30    5650.0    399.75
   40.68    5672.2    403.74
   40.86    5683.3    405.69
   41.04    5694.2    407.60
   41.09    5697.6    408.19
   41.15    5701.0    408.78
   41.38    5718.5    411.65
   41.61    5736.0    414.48
   41.68    5740.7    415.23
   41.74    5745.3    415.99
   41.90    5758.2    418.05
   41.98    5764.6    419.08
   42.07    5771.0    420.10
   42.27    5787.7    422.76
   42.47    5804.2    425.35
   42.57    5812.3    426.62
   42.66    5820.4    427.88
   42.67    5821.0    427.97
   42.83    5834.8    430.11
   42.98    5848.3    432.20
   43.05    5855.1    433.23
   43.12    5861.7    434.25
   43.22    5871.0    435.67
   43.43    5891.1    438.74
   43.58    5906.2    441.02
   43.73    5921.0    443.26
   43.78    5926.9    444.15
   43.84    5932.7    445.03
   43.87    5935.6    445.46
   44.04    5953.5    448.15
   44.12    5962.3    449.48
   44.20    5971.0    450.79
   44.31    5984.5    452.82
   44.45    6001.4    455.37
   44.57    6016.0    457.55
   44.75    6037.7    460.81
   44.92    6059.2    464.03
   44.93    6060.1    464.16
   44.94    6061.0    464.30
   45.09    6080.5    467.21
   45.19    6093.3    469.13
   45.29    6106.0    471.03
   45.33    6111.6    471.86
   45.38    6117.1    472.69
   45.46    6128.2    474.34
   45.48    6130.6    474.71
   45.50    6133.1    475.08
   45.56    6142.1    476.42
   45.60    6146.5    477.08
   45.61    6148.8    477.42
   45.63    6151.0    477.75
   45.75    6168.5    480.43
   45.86    6186.0    483.12
   45.98    6203.5    485.79
   46.09    6221.0    488.46
   46.20    6238.5    491.13
   46.26    6247.2    492.46
   46.32    6256.0    493.79
   46.36    6263.3    494.89
   46.37    6264.0    495.01
   46.46    6277.5    497.05
   46.54    6291.0    499.09
   46.61    6301.0    500.60
   46.67    6311.0    502.11
   46.70    6316.0    502.86
   46.73    6321.0    503.62
   46.76    6326.0    504.37
   46.80    6331.0    505.12
   46.82    6334.9    505.71
   46.84    6338.8    506.30
   46.87    6342.7    506.88
   46.88    6344.6    507.18
   46.89    6346.6    507.47
   46.89    6346.9    507.52
   46.92    6351.4    508.28
   46.93    6353.7    508.66
   46.93    6354.9    508.85
   46.94    6356.0    509.04
   46.97    6363.5    510.46
   46.98    6367.3    511.17
   46.99    6369.1    511.52
   47.00    6370.1    511.70
   47.00    6371.0    511.88
