    0.00    6371.0      0.00
    0.00    6370.1      0.17
    0.00    6369.1      0.33
    0.01    6367.3      0.66
    0.02    6363.5      1.33
    0.03    6356.0      2.66
    0.04    6354.9      2.83
    0.04    6353.7      3.01
    0.04    6351.4      3.36
    0.06    6346.9      4.05
    0.06    6346.6      4.10
    0.06    6344.6      4.35
    0.07    6342.7      4.61
    0.08    6338.8      5.12
    0.09    6334.9      5.63
    0.11    6331.0      6.13
    0.12    6326.0      6.79
    0.14    6321.0      7.44
    0.15    6316.0      8.10
    0.17    6311.0      8.75
    0.20    6301.0     10.06
    0.23    6291.0     11.37
    0.28    6277.5     13.14
    0.32    6264.0     14.91
    0.32    6263.3     15.01
    0.34    6256.0     15.97
    0.37    6247.2     17.12
    0.40    6238.5     18.27
    0.46    6221.0     20.58
    0.51    6203.5     22.89
    0.57    6186.0     25.20
    0.63    6168.5     27.52
    0.68    6151.0     29.84
    0.69    6148.8     30.12
    0.70    6146.5     30.40
    0.72    6142.1     30.96
    0.75    6133.1     32.07
    0.76    6130.6     32.38
    0.77    6128.2     32.69
    0.81    6117.1     34.07
    0.83    6111.6     34.76
    0.85    6106.0     35.45
    0.89    6093.3     37.03
    0.94    6080.5     38.61
    1.01    6061.0     41.01
    1.02    6060.1     41.13
    1.02    6059.2     41.24
    1.10    6037.7     43.88
    1.19    6016.0     46.54
    1.24    6001.4     48.32
    1.31    5984.5     50.39
    1.36    5971.0     52.03
    1.40    5962.3     53.07
    1.43    5953.5     54.11
    1.51    5935.6     56.21
    1.52    5932.7     56.55
    1.55    5926.9     57.23
    1.57    5921.0     57.92
    1.64    5906.2     59.64
    1.70    5891.1     61.38
    1.79    5871.0     63.69
    1.84    5861.7     64.75
    1.87    5855.1     65.51
    1.90    5848.3     66.27
    1.96    5834.8     67.80
    2.03    5821.0     69.35
    2.03    5820.4     69.42
    2.07    5812.3     70.32
    2.11    5804.2     71.23
    2.19    5787.7     73.06
    2.27    5771.0     74.92
    2.30    5764.6     75.62
    2.34    5758.2     76.33
    2.40    5745.3     77.75
    2.42    5740.7     78.26
    2.45    5736.0     78.77
    2.54    5718.5     80.69
    2.63    5701.0     82.62
    2.65    5697.6     82.98
    2.67    5694.2     83.34
    2.73    5683.3     84.50
    2.79    5672.2     85.67
    2.92    5650.0     88.02
    3.08    5623.1     90.86
    3.21    5600.0     93.28
    3.33    5581.1     95.26
    3.44    5562.1     97.25
    3.52    5550.0     98.51
    3.56    5544.0     99.15
    3.59    5537.9     99.78
    3.71    5519.0    101.76
    3.77    5509.5    102.75
    3.83    5500.0    103.74
    3.98    5477.4    106.10
    4.13    5454.7    108.47
    4.17    5447.9    109.18
    4.24    5437.6    110.25
    4.25    5436.5    110.37
    4.26    5435.3    110.50
    4.27    5433.0    110.74
    4.31    5428.3    111.23
    4.34    5423.6    111.72
    4.37    5418.9    112.21
    4.40    5414.2    112.70
    4.43    5409.5    113.19
    4.50    5400.0    114.18
    4.59    5387.1    115.52
    4.68    5374.1    116.87
    4.77    5361.1    118.23
    4.86    5348.1    119.59
    4.94    5336.1    120.84
    5.03    5324.1    122.09
    5.21    5300.0    124.60
    5.42    5270.3    127.70
    5.65    5240.3    130.83
    5.80    5220.2    132.93
    5.96    5200.0    135.04
    6.14    5176.9    137.45
    6.38    5146.9    140.60
    6.63    5116.6    143.78
    6.65    5115.0    143.94
    6.66    5113.5    144.10
    6.68    5110.3    144.43
    6.74    5104.1    145.08
    6.77    5100.0    145.51
    6.84    5091.5    146.40
    7.06    5066.1    149.08
    7.38    5028.8    153.00
    7.64    5000.0    156.04
    7.72    4991.1    156.98
    8.09    4950.6    161.28
    8.28    4930.1    163.45
    8.48    4909.6    165.63
    8.57    4900.0    166.66
    8.84    4872.3    169.62
    9.03    4853.4    171.63
    9.22    4834.5    173.67
    9.57    4800.0    177.38
    9.63    4794.4    177.99
    9.84    4774.0    180.19
   10.06    4753.5    182.41
   10.47    4716.4    186.45
   10.65    4700.0    188.25
   10.89    4678.8    190.57
   11.33    4640.8    194.77
   11.56    4621.6    196.89
   11.79    4602.4    199.02
   11.82    4600.0    199.30
   12.27    4563.5    203.38
   12.52    4544.0    205.58
   12.78    4524.3    207.81
   13.10    4500.0    210.57
   13.30    4484.7    212.32
   13.85    4444.7    216.93
   13.92    4439.7    217.51
   14.49    4400.0    222.14
   14.80    4378.9    224.62
   14.91    4371.6    225.49
   15.45    4335.9    229.74
   16.01    4300.0    234.07
   16.66    4260.5    238.89
   17.34    4220.8    243.83
   17.52    4210.4    245.14
   17.71    4200.0    246.46
   18.62    4150.2    252.84
   19.60    4100.0    259.45
   19.82    4089.4    260.87
   19.99    4080.8    262.02
   20.17    4072.3    263.18
   20.94    4036.2    268.14
   21.34    4018.2    270.67
   21.76    4000.0    273.25
   22.63    3963.2    278.60
   23.56    3926.1    284.16
   23.90    3913.1    286.16
   24.25    3900.0    288.20
   24.95    3875.1    292.22
   25.66    3850.2    296.23
   26.45    3825.1    300.56
   27.23    3800.0    304.88
   27.54    3790.8    306.55
   27.68    3786.6    307.31
   27.83    3782.4    308.08
   28.57    3761.9    312.00
   29.32    3741.3    315.93
   30.16    3720.7    320.25
   31.01    3700.0    324.57
   31.98    3680.3    329.34
   32.94    3660.7    334.11
   33.91    3641.0    338.89
   34.55    3630.0    341.95
   35.48    3615.0    346.37
   35.98    3607.5    348.76
   36.48    3600.0    351.14
   37.25    3590.5    354.71
   38.02    3581.1    358.29
   38.79    3571.6    361.87
   39.56    3562.2    365.44
   40.42    3555.9    369.36
   41.28    3549.5    373.28
   42.15    3543.2    377.19
   43.01    3536.9    381.11
   43.87    3530.6    385.02
   44.73    3524.3    388.94
   45.67    3522.3    393.17
   46.62    3520.2    397.39
   47.56    3518.2    401.62
   48.50    3516.2    405.84
   49.44    3518.2    410.07
   50.38    3520.2    414.29
   51.33    3522.3    418.52
   52.27    3524.3    422.74
   53.13    3530.6    426.66
   53.99    3536.9    430.57
   54.85    3543.2    434.49
   55.72    3549.5    438.41
   56.58    3555.9    442.32
   57.44    3562.2    446.24
   58.21    3571.6    449.81
   58.98    3581.1    453.39
   59.75    3590.5    456.97
   60.52    3600.0    460.54
   61.02    3607.5    462.93
   61.52    3615.0    465.31
   62.45    3630.0    469.74
   63.09    3641.0    472.80
   64.06    3660.7    477.57
   65.02    3680.3    482.34
   65.99    3700.0    487.11
   66.84    3720.7    491.43
   67.68    3741.3    495.76
   68.43    3761.9    499.68
   69.17    3782.4    503.61
   69.32    3786.6    504.37
   69.46    3790.8    505.13
   69.77    3800.0    506.80
   70.55    3825.1    511.12
   71.34    3850.2    515.45
   72.05    3875.1    519.47
   72.75    3900.0    523.48
   73.10    3913.1    525.52
   73.44    3926.1    527.52
   74.37    3963.2    533.08
   75.24    4000.0    538.43
   75.66    4018.2    541.01
   76.06    4036.2    543.54
   76.83    4072.3    548.50
   77.01    4080.8    549.66
   77.18    4089.4    550.82
   77.40    4100.0    552.23
   78.38    4150.2    558.85
   79.29    4200.0    565.23
   79.48    4210.4    566.54
   79.66    4220.8    567.85
   80.34    4260.5    572.79
   80.99    4300.0    577.62
   81.55    4335.9    581.95
   82.09    4371.6    586.19
   82.20    4378.9    587.06
   82.51    4400.0    589.54
   83.08    4439.7    594.17
   83.15    4444.7    594.75
   83.70    4484.7    599.36
   83.90    4500.0    601.11
   84.22    4524.3    603.88
   84.48    4544.0    606.10
   84.73    4563.5    608.30
   85.18    4600.0    612.39
   85.21    4602.4    612.66
   85.44    4621.6    614.79
   85.67    4640.8    616.92
   86.11    4678.8    621.11
   86.35    4700.0    623.44
   86.53    4716.4    625.23
   86.94    4753.5    629.27
   87.16    4774.0    631.49
   87.37    4794.4    633.69
   87.43    4800.0    634.30
   87.78    4834.5    638.02
   87.97    4853.4    640.05
   88.16    4872.3    642.06
   88.43    4900.0    645.03
   88.52    4909.6    646.05
   88.72    4930.1    648.23
   88.91    4950.6    650.40
   89.28    4991.1    654.70
   89.36    5000.0    655.64
   89.62    5028.8    658.68
   89.94    5066.1    662.60
   90.16    5091.5    665.28
   90.23    5100.0    666.17
   90.26    5104.1    666.60
   90.32    5110.3    667.25
   90.34    5113.5    667.58
   90.35    5115.0    667.74
   90.37    5116.6    667.91
   90.62    5146.9    671.08
   90.86    5176.9    674.23
   91.04    5200.0    676.64
   91.20    5220.2    678.75
   91.35    5240.3    680.85
   91.58    5270.3    683.98
   91.79    5300.0    687.08
   91.97    5324.1    689.59
   92.06    5336.1    690.84
   92.14    5348.1    692.09
   92.23    5361.1    693.45
   92.32    5374.1    694.81
   92.41    5387.1    696.16
   92.50    5400.0    697.51
   92.57    5409.5    698.49
   92.60    5414.2    698.98
   92.63    5418.9    699.47
   92.66    5423.6    699.96
   92.69    5428.3    700.45
   92.73    5433.0    700.94
   92.74    5435.3    701.19
   92.75    5436.5    701.31
   92.76    5437.6    701.43
   92.83    5447.9    702.50
   92.87    5454.7    703.21
   93.02    5477.4    705.58
   93.17    5500.0    707.94
   93.23    5509.5    708.93
   93.29    5519.0    709.92
   93.41    5537.9    711.90
   93.44    5544.0    712.54
   93.48    5550.0    713.17
   93.56    5562.1    714.44
   93.67    5581.1    716.42
   93.79    5600.0    718.40
   93.92    5623.1    720.82
   94.08    5650.0    723.66
   94.21    5672.2    726.01
   94.27    5683.3    727.18
   94.33    5694.2    728.34
   94.35    5697.6    728.70
   94.37    5701.0    729.06
   94.46    5718.5    730.99
   94.55    5736.0    732.91
   94.58    5740.7    733.42
   94.60    5745.3    733.94
   94.66    5758.2    735.35
   94.70    5764.6    736.06
   94.73    5771.0    736.77
   94.81    5787.7    738.62
   94.89    5804.2    740.45
   94.93    5812.3    741.36
   94.97    5820.4    742.26
   94.97    5821.0    742.33
   95.04    5834.8    743.88
   95.10    5848.3    745.41
   95.13    5855.1    746.17
   95.16    5861.7    746.93
   95.21    5871.0    747.99
   95.30    5891.1    750.30
   95.36    5906.2    752.04
   95.43    5921.0    753.76
   95.45    5926.9    754.45
   95.48    5932.7    755.13
   95.49    5935.6    755.47
   95.57    5953.5    757.57
   95.60    5962.3    758.62
   95.64    5971.0    759.65
   95.69    5984.5    761.29
   95.76    6001.4    763.36
   95.81    6016.0    765.14
   95.90    6037.7    767.80
   95.98    6059.2    770.44
   95.98    6060.1    770.56
   95.99    6061.0    770.67
   96.06    6080.5    773.07
   96.11    6093.3    774.65
   96.15    6106.0    776.23
   96.17    6111.6    776.92
   96.19    6117.1    777.61
   96.23    6128.2    778.99
   96.24    6130.6    779.30
   96.25    6133.1    779.61
   96.28    6142.1    780.73
   96.30    6146.5    781.28
   96.31    6148.8    781.56
   96.32    6151.0    781.84
   96.37    6168.5    784.16
   96.43    6186.0    786.48
   96.49    6203.5    788.79
   96.54    6221.0    791.10
   96.60    6238.5    793.41
   96.63    6247.2    794.56
   96.66    6256.0    795.71
   96.68    6263.3    796.67
   96.68    6264.0    796.77
   96.72    6277.5    798.54
   96.77    6291.0    800.31
   96.80    6301.0    801.62
   96.83    6311.0    802.93
   96.85    6316.0    803.59
   96.86    6321.0    804.24
   96.88    6326.0    804.89
   96.89    6331.0    805.55
   96.91    6334.9    806.06
   96.92    6338.8    806.57
   96.93    6342.7    807.08
   96.94    6344.6    807.33
   96.94    6346.6    807.58
   96.94    6346.9    807.63
   96.96    6351.4    808.33
   96.96    6353.7    808.67
   96.96    6354.9    808.85
   96.97    6356.0    809.02
   96.98    6363.5    810.35
   96.99    6367.3    811.02
   97.00    6369.1    811.35
   97.00    6370.1    811.52
   97.00    6371.0    811.68
