    0.00    6371.0      0.00
    0.00    6370.1      0.18
    0.01    6369.1      0.35
    0.01    6367.3      0.70
    0.03    6363.5      1.41
    0.06    6356.0      2.82
    0.06    6354.9      3.01
    0.07    6353.7      3.20
    0.08    6351.4      3.57
    0.10    6346.9      4.33
    0.10    6346.6      4.38
    0.11    6344.6      4.67
    0.13    6342.7      4.96
    0.15    6338.8      5.54
    0.17    6334.9      6.11
    0.20    6331.0      6.69
    0.23    6326.0      7.44
    0.26    6321.0      8.18
    0.29    6316.0      8.92
    0.32    6311.0      9.67
    0.38    6301.0     11.16
    0.44    6291.0     12.65
    0.52    6277.5     14.66
    0.61    6264.0     16.68
    0.61    6263.3     16.79
    0.66    6256.0     17.88
    0.71    6247.2     19.19
    0.76    6238.5     20.51
    0.87    6221.0     23.13
    0.98    6203.5     25.77
    1.09    6186.0     28.41
    1.20    6168.5     31.06
    1.32    6151.0     33.70
    1.33    6148.8     34.03
    1.35    6146.5     34.36
    1.38    6142.1     35.01
    1.44    6133.1     36.33
    1.46    6130.6     36.69
    1.48    6128.2     37.05
    1.56    6117.1     38.68
    1.60    6111.6     39.49
    1.64    6106.0     40.31
    1.73    6093.3     42.18
    1.83    6080.5     44.06
    1.97    6061.0     46.91
    1.98    6060.1     47.05
    1.99    6059.2     47.18
    2.15    6037.7     50.34
    2.32    6016.0     53.53
    2.44    6001.4     55.67
    2.57    5984.5     58.17
    2.68    5971.0     60.16
    2.76    5962.3     61.43
    2.84    5953.5     62.73
    2.99    5935.6     65.35
    3.02    5932.7     65.77
    3.07    5926.9     66.63
    3.13    5921.0     67.49
    3.26    5906.2     69.67
    3.41    5891.1     71.89
    3.61    5871.0     74.87
    3.70    5861.7     76.24
    3.77    5855.1     77.23
    3.84    5848.3     78.23
    3.98    5834.8     80.25
    4.12    5821.0     82.31
    4.13    5820.4     82.40
    4.22    5812.3     83.62
    4.31    5804.2     84.84
    4.49    5787.7     87.33
    4.69    5771.0     89.88
    4.76    5764.6     90.86
    4.84    5758.2     91.84
    4.99    5745.3     93.82
    5.05    5740.7     94.54
    5.11    5736.0     95.26
    5.32    5718.5     97.97
    5.54    5701.0    100.70
    5.59    5697.6    101.25
    5.64    5694.2    101.81
    5.80    5683.3    103.60
    5.97    5672.2    105.42
    6.31    5650.0    109.14
    6.74    5623.1    113.73
    7.13    5600.0    117.75
    7.45    5581.1    121.11
    7.79    5562.1    124.53
    8.02    5550.0    126.75
    8.13    5544.0    127.87
    8.24    5537.9    129.00
    8.61    5519.0    132.56
    8.79    5509.5    134.37
    8.98    5500.0    136.20
    9.45    5477.4    140.63
    9.94    5454.7    145.22
   10.09    5447.9    146.62
   10.32    5437.6    148.75
   10.35    5436.5    149.00
   10.37    5435.3    149.24
   10.43    5433.0    149.74
   10.53    5428.3    150.73
   10.64    5423.6    151.73
   10.75    5418.9    152.74
   10.87    5414.2    153.76
   10.98    5409.5    154.78
   11.21    5400.0    156.87
   11.53    5387.1    159.76
   11.87    5374.1    162.74
   12.22    5361.1    165.79
   12.58    5348.1    168.94
   12.92    5336.1    171.90
   13.28    5324.1    174.96
   14.03    5300.0    181.38
   14.55    5285.1    185.66
   15.06    5270.3    189.93
   15.65    5255.3    194.73
   16.23    5240.3    199.53
   17.13    5220.2    206.76
   17.65    5210.1    210.86
   18.17    5200.0    214.96
   18.88    5188.5    220.56
   19.60    5176.9    226.16
   20.58    5166.9    233.70
   21.56    5156.9    241.23
   22.54    5146.9    248.77
   23.36    5144.3    255.00
   24.18    5141.6    261.24
   25.00    5139.0    267.48
   25.82    5141.6    273.72
   26.64    5144.3    279.96
   27.46    5146.9    286.19
   28.44    5156.9    293.73
   29.42    5166.9    301.26
   30.40    5176.9    308.79
   31.12    5188.5    314.40
   31.83    5200.0    320.00
   32.35    5210.1    324.10
   32.87    5220.2    328.20
   33.77    5240.3    335.43
   34.35    5255.3    340.23
   34.94    5270.3    345.03
   35.45    5285.1    349.30
   35.97    5300.0    353.58
   36.72    5324.1    360.00
   37.08    5336.1    363.06
   37.42    5348.1    366.02
   37.78    5361.1    369.17
   38.13    5374.1    372.22
   38.47    5387.1    375.20
   38.79    5400.0    378.09
   39.02    5409.5    380.18
   39.13    5414.2    381.20
   39.25    5418.9    382.22
   39.36    5423.6    383.23
   39.47    5428.3    384.23
   39.57    5433.0    385.22
   39.63    5435.3    385.71
   39.65    5436.5    385.96
   39.68    5437.6    386.21
   39.91    5447.9    388.34
   40.06    5454.7    389.74
   40.55    5477.4    394.32
   41.02    5500.0    398.76
   41.21    5509.5    400.59
   41.39    5519.0    402.40
   41.76    5537.9    405.96
   41.87    5544.0    407.09
   41.98    5550.0    408.21
   42.21    5562.1    410.42
   42.55    5581.1    413.85
   42.87    5600.0    417.21
   43.26    5623.1    421.23
   43.69    5650.0    425.82
   44.03    5672.2    429.54
   44.20    5683.3    431.36
   44.36    5694.2    433.15
   44.41    5697.6    433.70
   44.46    5701.0    434.26
   44.68    5718.5    436.99
   44.89    5736.0    439.70
   44.95    5740.7    440.42
   45.01    5745.3    441.14
   45.16    5758.2    443.12
   45.24    5764.6    444.10
   45.31    5771.0    445.08
   45.51    5787.7    447.63
   45.69    5804.2    450.12
   45.78    5812.3    451.34
   45.87    5820.4    452.55
   45.88    5821.0    452.65
   46.02    5834.8    454.71
   46.16    5848.3    456.73
   46.23    5855.1    457.73
   46.30    5861.7    458.72
   46.39    5871.0    460.09
   46.59    5891.1    463.07
   46.74    5906.2    465.29
   46.87    5921.0    467.47
   46.93    5926.9    468.33
   46.98    5932.7    469.19
   47.01    5935.6    469.61
   47.16    5953.5    472.23
   47.24    5962.3    473.52
   47.32    5971.0    474.80
   47.43    5984.5    476.79
   47.56    6001.4    479.29
   47.68    6016.0    481.43
   47.85    6037.7    484.62
   48.01    6059.2    487.78
   48.02    6060.1    487.91
   48.03    6061.0    488.05
   48.17    6080.5    490.90
   48.27    6093.3    492.78
   48.36    6106.0    494.65
   48.40    6111.6    495.47
   48.44    6117.1    496.28
   48.52    6128.2    497.90
   48.54    6130.6    498.27
   48.56    6133.1    498.63
   48.62    6142.1    499.95
   48.65    6146.5    500.60
   48.67    6148.8    500.93
   48.68    6151.0    501.25
   48.80    6168.5    503.90
   48.91    6186.0    506.55
   49.02    6203.5    509.19
   49.13    6221.0    511.83
   49.24    6238.5    514.45
   49.29    6247.2    515.76
   49.34    6256.0    517.08
   49.39    6263.3    518.17
   49.39    6264.0    518.28
   49.48    6277.5    520.30
   49.56    6291.0    522.31
   49.62    6301.0    523.80
   49.68    6311.0    525.29
   49.71    6316.0    526.04
   49.74    6321.0    526.78
   49.77    6326.0    527.52
   49.80    6331.0    528.27
   49.83    6334.9    528.84
   49.85    6338.8    529.42
   49.87    6342.7    530.00
   49.89    6344.6    530.29
   49.90    6346.6    530.58
   49.90    6346.9    530.63
   49.92    6351.4    531.39
   49.93    6353.7    531.76
   49.94    6354.9    531.95
   49.94    6356.0    532.14
   49.97    6363.5    533.55
   49.99    6367.3    534.25
   49.99    6369.1    534.61
   50.00    6370.1    534.78
   50.00    6371.0    534.96
