30.00 27.40 369.58
30.50 27.36 373.99
31.00 27.31 378.39
31.50 27.25 382.78
32.00 27.19 387.17
32.50 27.11 391.54
33.00 27.03 395.90
33.50 26.95 400.26
34.00 26.86 404.59
34.50 26.77 408.92
35.00 26.67 413.23
35.50 26.58 417.52
36.00 26.47 421.81
36.50 26.39 426.07
37.00 26.29 430.32
37.50 26.19 434.56
38.00 26.08 438.78
38.50 25.97 442.99
39.00 25.86 447.18
39.50 25.75 451.35
40.00 25.63 455.51
40.50 25.51 459.65
41.00 25.42 463.77
41.50 25.31 467.87
42.00 25.19 471.96
42.50 25.08 476.04
43.00 24.96 480.09
43.50 24.84 484.12
44.00 24.71 488.14
44.50 24.60 492.14
45.00 24.50 496.12
45.50 24.38 500.09
46.00 24.26 504.04
46.50 24.14 507.97
47.00 24.01 511.88
47.50 23.89 515.77
48.00 23.78 519.64
48.50 23.67 523.50
49.00 23.55 527.34
49.50 23.43 531.16
50.00 23.31 534.96
50.50 23.18 538.74
51.00 23.06 542.51
51.50 22.95 546.25
52.00 22.84 549.98
52.50 22.72 553.69
53.00 22.60 557.38
53.50 22.47 561.06
54.00 22.35 564.71
54.50 22.23 568.35
55.00 22.13 571.97
55.50 22.01 575.57
56.00 21.89 579.15
56.50 21.77 582.72
57.00 21.65 586.26
57.50 21.52 589.79
58.00 21.42 593.30
58.50 21.30 596.79
59.00 21.19 600.26
59.50 21.06 603.72
60.00 20.95 607.15
60.50 20.82 610.57
61.00 20.72 613.97
61.50 20.60 617.35
62.00 20.49 620.72
62.50 20.37 624.06
63.00 20.25 627.39
63.50 20.13 630.70
64.00 20.02 633.99
64.50 19.91 637.26
65.00 19.79 640.52
65.50 19.67 643.75
66.00 19.55 646.97
66.50 19.45 650.17
67.00 19.33 653.35
67.50 19.22 656.52
68.00 19.10 659.66
68.50 18.98 662.79
69.00 18.87 665.90
69.50 18.76 668.99
70.00 18.64 672.06
70.50 18.53 675.12
71.00 18.41 678.16
71.50 18.29 681.17
72.00 18.18 684.17
72.50 18.07 687.15
73.00 17.95 690.12
73.50 17.84 693.06
74.00 17.72 695.99
74.50 17.61 698.90
75.00 17.49 701.79
75.50 17.37 704.66
76.00 17.26 707.51
76.50 17.14 710.35
77.00 17.03 713.16
77.50 16.91 715.96
78.00 16.79 718.74
78.50 16.68 721.50
79.00 16.56 724.24
79.50 16.44 726.96
80.00 16.32 729.67
80.50 16.21 732.35
81.00 16.09 735.02
81.50 15.97 737.66
82.00 15.85 740.29
82.50 15.73 742.90
83.00 15.61 745.49
83.50 15.49 748.06
84.00 15.37 750.61
84.50 15.25 753.14
85.00 15.13 755.65
85.50 15.01 758.15
86.00 14.89 760.62
86.50 14.76 763.07
87.00 14.64 765.50
87.50 14.52 767.92
88.00 14.40 770.31
88.50 14.28 772.68
89.00 14.15 775.04
89.50 14.02 777.37
90.00 13.98 779.69
90.50 13.97 782.00
91.00 13.95 784.32
91.50 13.94 786.63
92.00 13.91 788.93
92.50 13.88 791.23
93.00 13.85 793.53
93.50 13.82 795.82
94.00 13.78 798.11
94.50 13.74 800.39
95.00 13.70 802.66
95.50 13.65 804.93
96.00 13.60 807.19
96.50 13.56 809.44
97.00 13.50 811.68
97.50 13.45 813.92
98.00 13.40 816.14
