30.00 8.849 370.26 
30.50 8.837 374.69 
31.00 8.822 379.10 
31.50 8.805 383.51 
32.00 8.787 387.91 
32.50 8.767 392.30 
33.00 8.745 396.67 
33.50 8.722 401.04 
34.00 8.689 405.39 
34.50 8.659 409.73 
35.00 8.628 414.05 
35.50 8.597 418.36 
36.00 8.567 422.65 
36.50 8.538 426.92 
37.00 8.506 431.19 
37.50 8.474 435.43 
38.00 8.440 439.66 
38.50 8.410 443.87 
39.00 8.377 448.07 
39.50 8.343 452.25 
40.00 8.308 456.41 
40.50 8.276 460.56 
41.00 8.242 464.69 
41.50 8.207 468.80 
42.00 8.171 472.89 
42.50 8.138 476.97 
43.00 8.103 481.03 
43.50 8.067 485.07 
44.00 8.030 489.10 
44.50 7.997 493.11 
45.00 7.961 497.09 
45.50 7.923 501.07 
46.00 7.889 505.02 
46.50 7.853 508.95 
47.00 7.816 512.87 
47.50 7.778 516.77 
48.00 7.744 520.65 
48.50 7.708 524.51 
49.00 7.670 528.36 
49.50 7.635 532.18 
50.00 7.598 535.99 
50.50 7.561 539.78 
51.00 7.525 543.55 
51.50 7.489 547.31 
52.00 7.452 551.04 
52.50 7.415 554.76 
53.00 7.380 558.46 
53.50 7.343 562.14 
54.00 7.305 565.80 
54.50 7.270 569.44 
55.00 7.233 573.07 
55.50 7.195 576.68 
56.00 7.161 580.27 
56.50 7.124 583.84 
57.00 7.086 587.39 
57.50 7.049 590.92 
58.00 7.011 594.44 
58.50 6.971 597.93 
59.00 6.941 601.41 
59.50 6.906 604.87 
60.00 6.869 608.32 
60.50 6.833 611.74 
61.00 6.796 615.15 
61.50 6.758 618.54 
62.00 6.721 621.91 
62.50 6.683 625.26 
63.00 6.648 628.59 
63.50 6.615 631.91 
64.00 6.580 635.21 
64.50 6.544 638.49 
65.00 6.508 641.75 
65.50 6.470 645.00 
66.00 6.434 648.22 
66.50 6.398 651.43 
67.00 6.360 654.62 
67.50 6.326 657.79 
68.00 6.289 660.94 
68.50 6.252 664.08 
69.00 6.217 667.20 
69.50 6.181 670.30 
70.00 6.146 673.38 
70.50 6.109 676.44 
71.00 6.071 679.49 
71.50 6.037 682.51 
72.00 5.999 685.52 
72.50 5.962 688.51 
73.00 5.926 691.49 
73.50 5.889 694.44 
74.00 5.853 697.38 
74.50 5.815 700.29 
75.00 5.777 703.19 
75.50 5.739 706.07 
76.00 5.701 708.93 
76.50 5.668 711.77 
77.00 5.632 714.60 
77.50 5.596 717.40 
78.00 5.558 720.19 
78.50 5.520 722.96 
79.00 5.485 725.71 
79.50 5.449 728.45 
